2 1 0
3 2 0
4 3 0
5 4 0
6 5 0
7 6 0
8 7 0
9 8 0
10 9 0
11 10 0
12 11 0
13 12 0
14 13 0
15 14 0
16 15 0
17 16 0
18 17 0
19 18 0
20 19 0
21 20 0
22 21 0
23 22 0
24 23 0
25 24 0
26 25 0
27 26 0
28 27 0
29 28 0
30 29 0
31 30 0
32 31 0
33 32 0
34 33 0
35 34 0
36 35 0
37 36 0
38 37 0
39 38 0
40 39 0
41 40 0
42 41 0
43 42 0
44 43 0
45 44 0
46 45 0
47 46 0
48 47 0
49 48 0
50 49 0
51 50 0
52 51 0
53 52 0
54 53 0
55 54 0
56 55 0
57 56 0
58 57 0
59 58 0
60 59 0
61 60 0
62 61 0
63 62 0
64 63 0
65 64 0
66 65 0
67 66 0
68 67 0
69 68 0
70 69 0
71 70 0
72 71 0
73 72 0
74 73 0
75 74 0
76 75 0
77 76 0
78 77 0
79 78 0
80 79 0
81 80 0
82 81 0
83 82 0
84 83 0
85 84 0
86 85 0
87 86 0
88 87 0
89 88 0
90 89 0
91 90 0
92 91 0
93 92 0
94 93 0
95 94 0
96 95 0
97 96 0
98 97 0
99 98 0
100 99 0
101 1 1
101 47 1
101 51 1
101 53 1
101 73 1
102 6 2
102 30 2
102 54 2
102 73 2
102 96 2
103 54 3
103 65 3
103 70 3
103 90 3
103 102 3
104 11 4
104 18 4
104 44 4
104 58 4
104 75 4
105 13 5
105 17 5
105 52 5
105 97 5
105 102 5
106 13 6
106 37 6
106 43 6
106 73 6
106 102 6
107 2 7
107 32 7
107 76 7
107 94 7
107 102 7
108 1 8
108 13 8
108 58 8
108 75 8
108 86 8
109 29 9
109 43 9
109 80 9
109 90 9
109 93 9
110 8 10
110 43 10
110 49 10
110 70 10
110 98 10
111 15 11
111 28 11
111 43 11
111 53 11
111 100 11
112 6 12
112 37 12
112 50 12
112 96 12
112 97 12
113 13 13
113 68 13
113 97 13
113 97 13
113 106 13
114 13 14
114 19 14
114 58 14
114 78 14
114 90 14
115 1 15
115 54 15
115 73 15
115 73 15
115 97 15
116 13 16
116 13 16
116 58 16
116 74 16
116 110 16
117 1 17
117 6 17
117 43 17
117 73 17
117 74 17
118 6 18
118 13 18
118 21 18
118 58 18
118 73 18
119 43 19
119 49 19
119 54 19
119 58 19
119 92 19
120 11 20
120 30 20
120 43 20
120 101 20
120 106 20
121 6 21
121 13 21
121 58 21
121 58 21
121 85 21
122 1 22
122 6 22
122 13 22
122 13 22
122 58 22
123 75 23
123 80 23
123 91 23
123 97 23
123 98 23
124 11 24
124 26 24
124 43 24
124 73 24
124 93 24
125 13 25
125 30 25
125 58 25
125 58 25
125 97 25
126 13 26
126 43 26
126 43 26
126 73 26
126 78 26
127 13 27
127 13 27
127 58 27
127 73 27
127 73 27
128 13 28
128 23 28
128 43 28
128 74 28
128 90 28
129 24 29
129 30 29
129 73 29
129 98 29
129 104 29
130 13 30
130 13 30
130 73 30
130 78 30
130 90 30
131 30 31
131 37 31
131 97 31
131 98 31
131 126 31
132 11 32
132 43 32
132 43 32
132 58 32
132 73 32
133 13 33
133 13 33
133 30 33
133 73 33
133 73 33
134 11 34
134 43 34
134 43 34
134 54 34
134 88 34
135 1 35
135 2 35
135 43 35
135 43 35
135 47 35
136 13 36
136 13 36
136 50 36
136 78 36
136 90 36
137 2 37
137 13 37
137 13 37
137 58 37
137 95 37
138 43 38
138 58 38
138 63 38
138 90 38
138 106 38
139 4 39
139 13 39
139 13 39
139 73 39
139 98 39
140 1 40
140 6 40
140 24 40
140 90 40
140 97 40
141 1 41
141 58 41
141 73 41
141 73 41
141 93 41
142 43 42
142 54 42
142 58 42
142 58 42
142 78 42
143 1 43
143 43 43
143 53 43
143 73 43
143 125 43
144 1 44
144 23 44
144 43 44
144 81 44
144 93 44
145 13 45
145 13 45
145 43 45
145 58 45
145 116 45
146 30 46
146 30 46
146 30 46
146 58 46
146 116 46
147 58 47
147 90 47
147 90 47
147 93 47
147 103 47
148 13 48
148 30 48
148 30 48
148 58 48
148 64 48
149 11 49
149 13 49
149 58 49
149 73 49
149 74 49
150 11 50
150 43 50
150 73 50
150 90 50
150 132 50
151 11 51
151 73 51
151 73 51
151 90 51
151 97 51
152 13 52
152 43 52
152 47 52
152 73 52
152 100 52
153 22 53
153 37 53
153 73 53
153 73 53
153 113 53
154 13 54
154 73 54
154 78 54
154 98 54
154 147 54
155 30 55
155 30 55
155 47 55
155 90 55
155 110 55
156 11 56
156 11 56
156 13 56
156 24 56
156 43 56
157 13 57
157 51 57
157 58 57
157 90 57
157 93 57
158 13 58
158 43 58
158 98 58
158 102 58
158 147 58
159 13 59
159 43 59
159 58 59
159 58 59
159 73 59
160 13 60
160 73 60
160 90 60
160 90 60
160 93 60
161 13 61
161 13 61
161 93 61
161 98 61
161 109 61
162 43 62
162 49 62
162 58 62
162 73 62
162 90 62
163 13 63
163 43 63
163 43 63
163 58 63
163 58 63
164 13 64
164 73 64
164 75 64
164 79 64
164 98 64
165 13 65
165 13 65
165 13 65
165 74 65
165 145 65
166 13 66
166 43 66
166 73 66
166 73 66
166 97 66
167 13 67
167 37 67
167 73 67
167 73 67
167 106 67
168 11 68
168 58 68
168 58 68
168 72 68
168 90 68
169 13 69
169 58 69
169 75 69
169 93 69
169 168 69
170 11 70
170 13 70
170 30 70
170 43 70
170 58 70
171 43 71
171 43 71
171 73 71
171 90 71
171 93 71
172 13 72
172 26 72
172 43 72
172 58 72
172 97 72
173 43 73
173 43 73
173 58 73
173 90 73
173 93 73
174 1 74
174 13 74
174 58 74
174 73 74
174 90 74
175 24 75
175 43 75
175 43 75
175 90 75
175 93 75
176 58 76
176 73 76
176 74 76
176 93 76
176 93 76
177 11 77
177 43 77
177 75 77
177 90 77
177 120 77
178 11 78
178 13 78
178 13 78
178 37 78
178 73 78
179 1 79
179 43 79
179 74 79
179 90 79
179 98 79
180 4 80
180 13 80
180 30 80
180 73 80
180 93 80
181 13 81
181 16 81
181 43 81
181 93 81
181 106 81
182 11 82
182 30 82
182 73 82
182 73 82
182 173 82
183 6 83
183 13 83
183 43 83
183 43 83
183 58 83
184 13 84
184 26 84
184 43 84
184 58 84
184 58 84
185 11 85
185 43 85
185 58 85
185 58 85
185 90 85
186 11 86
186 30 86
186 43 86
186 98 86
186 157 86
187 43 87
187 43 87
187 73 87
187 78 87
187 90 87
188 11 88
188 43 88
188 58 88
188 90 88
188 93 88
189 1 89
189 13 89
189 24 89
189 26 89
189 93 89
190 11 90
190 33 90
190 58 90
190 76 90
190 93 90
191 24 91
191 43 91
191 73 91
191 90 91
191 93 91
192 24 92
192 58 92
192 73 92
192 74 92
192 97 92
193 11 93
193 13 93
193 24 93
193 43 93
193 58 93
194 26 94
194 43 94
194 74 94
194 90 94
194 93 94
195 13 95
195 13 95
195 15 95
195 24 95
195 97 95
196 11 96
196 73 96
196 74 96
196 74 96
196 74 96
197 11 97
197 30 97
197 73 97
197 73 97
197 90 97
198 30 98
198 43 98
198 74 98
198 74 98
198 98 98
199 13 99
199 44 99
199 58 99
199 58 99
199 94 99
200 2 100
200 43 100
200 54 100
200 58 100
200 93 100
201 43 101
201 43 101
201 58 101
201 73 101
201 93 101
202 43 102
202 43 102
202 58 102
202 73 102
202 98 102
203 1 103
203 30 103
203 73 103
203 90 103
203 93 103
204 11 104
204 30 104
204 43 104
204 74 104
204 93 104
205 13 105
205 30 105
205 90 105
205 93 105
205 93 105
206 43 106
206 43 106
206 90 106
206 98 106
206 98 106
207 6 107
207 13 107
207 43 107
207 58 107
207 90 107
208 11 108
208 43 108
208 47 108
208 58 108
208 108 108
209 11 109
209 43 109
209 43 109
209 90 109
209 93 109
210 1 110
210 13 110
210 43 110
210 43 110
210 93 110
211 43 111
211 43 111
211 90 111
211 93 111
211 168 111
212 43 112
212 73 112
212 73 112
212 74 112
212 90 112
213 1 113
213 11 113
213 24 113
213 90 113
213 93 113
214 30 114
214 37 114
214 90 114
214 90 114
214 98 114
215 13 115
215 73 115
215 73 115
215 73 115
215 90 115
216 13 116
216 13 116
216 30 116
216 73 116
216 93 116
217 43 117
217 43 117
217 58 117
217 75 117
217 93 117
218 11 118
218 13 118
218 86 118
218 90 118
218 93 118
219 1 119
219 13 119
219 43 119
219 58 119
219 90 119
220 58 120
220 58 120
220 58 120
220 74 120
220 94 120
221 58 121
221 58 121
221 73 121
221 74 121
221 98 121
222 1 122
222 13 122
222 47 122
222 58 122
222 58 122
223 11 123
223 13 123
223 58 123
223 90 123
223 90 123
224 11 124
224 13 124
224 43 124
224 73 124
224 98 124
225 13 125
225 43 125
225 50 125
225 73 125
225 73 125
226 11 126
226 13 126
226 26 126
226 43 126
226 90 126
227 47 127
227 58 127
227 74 127
227 93 127
227 97 127
228 24 128
228 43 128
228 58 128
228 90 128
228 93 128
229 24 129
229 58 129
229 73 129
229 93 129
229 114 129
230 13 130
230 43 130
230 43 130
230 93 130
230 98 130
231 11 131
231 13 131
231 43 131
231 58 131
231 58 131
232 11 132
232 23 132
232 24 132
232 43 132
232 90 132
233 13 133
233 43 133
233 43 133
233 43 133
233 74 133
234 6 134
234 47 134
234 58 134
234 98 134
234 98 134
235 37 135
235 43 135
235 51 135
235 58 135
235 58 135
236 30 136
236 43 136
236 43 136
236 78 136
236 90 136
237 25 137
237 43 137
237 43 137
237 58 137
237 90 137
238 13 138
238 13 138
238 37 138
238 43 138
238 93 138
239 11 139
239 43 139
239 43 139
239 47 139
239 90 139
240 43 140
240 58 140
240 58 140
240 73 140
240 128 140
241 43 141
241 43 141
241 73 141
241 73 141
241 73 141
242 30 142
242 30 142
242 43 142
242 58 142
242 73 142
243 58 143
243 58 143
243 58 143
243 93 143
243 93 143
244 11 144
244 24 144
244 30 144
244 43 144
244 43 144
245 11 145
245 58 145
245 58 145
245 73 145
245 98 145
246 11 146
246 13 146
246 43 146
246 58 146
246 58 146
247 43 147
247 43 147
247 58 147
247 93 147
247 98 147
248 43 148
248 43 148
248 73 148
248 90 148
248 98 148
249 13 149
249 47 149
249 58 149
249 90 149
249 98 149
250 24 150
250 74 150
250 78 150
250 93 150
250 98 150
251 43 151
251 43 151
251 78 151
251 93 151
251 175 151
252 1 152
252 11 152
252 30 152
252 58 152
252 98 152
253 4 153
253 58 153
253 58 153
253 74 153
253 90 153
254 25 154
254 30 154
254 43 154
254 47 154
254 90 154
255 73 155
255 74 155
255 90 155
255 90 155
255 93 155
256 11 156
256 43 156
256 73 156
256 90 156
256 93 156
257 30 157
257 58 157
257 74 157
257 74 157
257 90 157
258 13 158
258 26 158
258 73 158
258 74 158
258 90 158
259 43 159
259 43 159
259 57 159
259 74 159
259 98 159
260 13 160
260 43 160
260 58 160
260 58 160
260 102 160
261 11 161
261 11 161
261 43 161
261 47 161
261 90 161
262 13 162
262 47 162
262 58 162
262 94 162
262 174 162
263 43 163
263 73 163
263 74 163
263 93 163
263 93 163
264 43 164
264 74 164
264 90 164
264 90 164
264 93 164
265 43 165
265 47 165
265 58 165
265 74 165
265 90 165
266 11 166
266 24 166
266 73 166
266 93 166
266 98 166
267 2 167
267 24 167
267 58 167
267 90 167
267 98 167
268 43 168
268 58 168
268 58 168
268 58 168
268 93 168
269 11 169
269 11 169
269 24 169
269 43 169
269 202 169
270 43 170
270 73 170
270 93 170
270 93 170
270 106 170
271 13 171
271 58 171
271 73 171
271 93 171
271 93 171
272 13 172
272 13 172
272 24 172
272 47 172
272 90 172
273 13 173
273 13 173
273 13 173
273 74 173
273 94 173
274 30 174
274 43 174
274 43 174
274 66 174
274 96 174
275 1 175
275 11 175
275 11 175
275 74 175
275 164 175
276 13 176
276 24 176
276 30 176
276 43 176
276 74 176
277 73 177
277 73 177
277 74 177
277 90 177
277 98 177
278 13 178
278 30 178
278 58 178
278 98 178
278 150 178
279 1 179
279 13 179
279 93 179
279 94 179
279 241 179
280 43 180
280 58 180
280 58 180
280 73 180
280 90 180
281 1 181
281 43 181
281 58 181
281 73 181
281 98 181
282 26 182
282 58 182
282 58 182
282 93 182
282 156 182
283 13 183
283 44 183
283 58 183
283 74 183
283 93 183
284 11 184
284 13 184
284 43 184
284 58 184
284 90 184
285 14 185
285 73 185
285 74 185
285 90 185
285 98 185
286 11 186
286 25 186
286 43 186
286 43 186
286 144 186
287 43 187
287 43 187
287 43 187
287 74 187
287 102 187
288 1 188
288 13 188
288 43 188
288 74 188
288 93 188
289 13 189
289 13 189
289 13 189
289 90 189
289 212 189
290 13 190
290 43 190
290 74 190
290 74 190
290 93 190
291 11 191
291 30 191
291 43 191
291 90 191
291 93 191
292 13 192
292 43 192
292 43 192
292 58 192
292 80 192
293 13 193
293 43 193
293 58 193
293 58 193
293 90 193
294 43 194
294 43 194
294 51 194
294 58 194
294 73 194
295 2 195
295 30 195
295 43 195
295 74 195
295 93 195
296 58 196
296 73 196
296 74 196
296 74 196
296 93 196
297 11 197
297 13 197
297 43 197
297 58 197
297 93 197
298 1 198
298 43 198
298 58 198
298 75 198
298 98 198
299 13 199
299 74 199
299 93 199
299 93 199
299 128 199
300 2 200
300 13 200
300 37 200
300 43 200
300 93 200
301 58 201
301 58 201
301 58 201
301 98 201
301 113 201
302 13 202
302 13 202
302 24 202
302 43 202
302 286 202
303 11 203
303 73 203
303 74 203
303 98 203
303 106 203
304 43 204
304 43 204
304 58 204
304 74 204
304 93 204
305 30 205
305 73 205
305 90 205
305 93 205
305 93 205
306 2 206
306 13 206
306 13 206
306 24 206
306 98 206
307 11 207
307 13 207
307 58 207
307 58 207
307 74 207
308 13 208
308 24 208
308 43 208
308 58 208
308 58 208
309 24 209
309 58 209
309 78 209
309 90 209
309 106 209
310 11 210
310 24 210
310 43 210
310 93 210
310 93 210
311 13 211
311 43 211
311 58 211
311 90 211
311 98 211
312 37 212
312 48 212
312 93 212
312 97 212
312 98 212
313 1 213
313 58 213
313 58 213
313 74 213
313 93 213
314 37 214
314 43 214
314 43 214
314 93 214
314 191 214
315 11 215
315 11 215
315 30 215
315 47 215
315 90 215
316 11 216
316 24 216
316 58 216
316 74 216
316 74 216
317 13 217
317 93 217
317 93 217
317 106 217
317 145 217
318 6 218
318 13 218
318 43 218
318 43 218
318 74 218
319 1 219
319 43 219
319 58 219
319 73 219
319 73 219
320 13 220
320 43 220
320 93 220
320 93 220
320 98 220
321 26 221
321 43 221
321 73 221
321 90 221
321 90 221
322 13 222
322 24 222
322 43 222
322 78 222
322 93 222
323 11 223
323 13 223
323 24 223
323 24 223
323 93 223
324 24 224
324 43 224
324 43 224
324 58 224
324 90 224
325 43 225
325 58 225
325 90 225
325 93 225
325 313 225
326 13 226
326 24 226
326 43 226
326 90 226
326 106 226
327 11 227
327 13 227
327 58 227
327 58 227
327 58 227
328 11 228
328 43 228
328 43 228
328 74 228
328 176 228
329 11 229
329 43 229
329 58 229
329 93 229
329 307 229
330 13 230
330 58 230
330 58 230
330 90 230
330 90 230
331 43 231
331 43 231
331 58 231
331 93 231
331 98 231
332 24 232
332 43 232
332 58 232
332 58 232
332 78 232
333 43 233
333 73 233
333 83 233
333 90 233
333 98 233
334 11 234
334 13 234
334 43 234
334 73 234
334 90 234
335 4 235
335 30 235
335 43 235
335 43 235
335 93 235
336 13 236
336 74 236
336 90 236
336 93 236
336 98 236
337 13 237
337 24 237
337 43 237
337 73 237
337 98 237
338 47 238
338 58 238
338 74 238
338 93 238
338 98 238
339 58 239
339 58 239
339 58 239
339 90 239
339 93 239
340 1 240
340 1 240
340 24 240
340 24 240
340 58 240
341 43 241
341 43 241
341 58 241
341 73 241
341 93 241
342 13 242
342 26 242
342 47 242
342 58 242
342 98 242
343 13 243
343 13 243
343 24 243
343 58 243
343 93 243
344 13 244
344 58 244
344 73 244
344 74 244
344 78 244
345 47 245
345 73 245
345 73 245
345 78 245
345 273 245
346 11 246
346 11 246
346 43 246
346 75 246
346 90 246
347 30 247
347 43 247
347 47 247
347 74 247
347 90 247
348 2 248
348 11 248
348 13 248
348 24 248
348 47 248
349 11 249
349 13 249
349 43 249
349 73 249
349 74 249
350 24 250
350 58 250
350 73 250
350 93 250
350 228 250
351 11 251
351 13 251
351 13 251
351 13 251
351 98 251
352 43 252
352 43 252
352 74 252
352 90 252
352 121 252
353 13 253
353 24 253
353 58 253
353 93 253
353 97 253
354 73 254
354 90 254
354 90 254
354 93 254
354 98 254
355 11 255
355 13 255
355 93 255
355 93 255
355 98 255
356 6 256
356 6 256
356 58 256
356 93 256
356 93 256
357 2 257
357 30 257
357 43 257
357 47 257
357 58 257
358 24 258
358 37 258
358 74 258
358 150 258
358 303 258
359 11 259
359 58 259
359 90 259
359 90 259
359 109 259
360 1 260
360 24 260
360 43 260
360 93 260
360 93 260
361 11 261
361 13 261
361 23 261
361 74 261
361 90 261
362 43 262
362 58 262
362 58 262
362 74 262
362 93 262
363 6 263
363 11 263
363 13 263
363 73 263
363 93 263
364 11 264
364 43 264
364 43 264
364 73 264
364 90 264
365 37 265
365 43 265
365 58 265
365 90 265
365 93 265
366 13 266
366 24 266
366 58 266
366 73 266
366 74 266
367 23 267
367 31 267
367 37 267
367 90 267
367 98 267
368 11 268
368 58 268
368 73 268
368 106 268
368 162 268
369 11 269
369 43 269
369 58 269
369 78 269
369 145 269
370 22 270
370 90 270
370 98 270
370 102 270
370 147 270
371 6 271
371 43 271
371 58 271
371 93 271
371 93 271
372 11 272
372 13 272
372 90 272
372 90 272
372 93 272
373 11 273
373 58 273
373 73 273
373 78 273
373 93 273
374 24 274
374 30 274
374 90 274
374 90 274
374 97 274
375 43 275
375 43 275
375 43 275
375 98 275
375 98 275
376 58 276
376 58 276
376 58 276
376 90 276
376 93 276
377 13 277
377 26 277
377 43 277
377 58 277
377 90 277
378 11 278
378 24 278
378 58 278
378 73 278
378 73 278
379 43 279
379 43 279
379 43 279
379 58 279
379 90 279
380 11 280
380 11 280
380 73 280
380 74 280
380 93 280
381 43 281
381 43 281
381 74 281
381 90 281
381 93 281
382 43 282
382 58 282
382 74 282
382 90 282
382 93 282
383 24 283
383 24 283
383 43 283
383 58 283
383 74 283
384 11 284
384 43 284
384 74 284
384 93 284
384 106 284
385 11 285
385 13 285
385 24 285
385 74 285
385 93 285
386 37 286
386 43 286
386 74 286
386 97 286
386 98 286
387 24 287
387 73 287
387 90 287
387 98 287
387 98 287
388 11 288
388 13 288
388 24 288
388 43 288
388 90 288
389 24 289
389 58 289
389 90 289
389 90 289
389 364 289
390 11 290
390 13 290
390 30 290
390 43 290
390 73 290
391 13 291
391 58 291
391 98 291
391 98 291
391 317 291
392 24 292
392 47 292
392 58 292
392 58 292
392 93 292
393 43 293
393 58 293
393 93 293
393 93 293
393 357 293
394 11 294
394 13 294
394 24 294
394 30 294
394 90 294
395 11 295
395 11 295
395 24 295
395 37 295
395 58 295
396 13 296
396 30 296
396 47 296
396 93 296
396 93 296
397 11 297
397 64 297
397 90 297
397 90 297
397 93 297
398 13 298
398 13 298
398 58 298
398 73 298
398 90 298
399 23 299
399 43 299
399 43 299
399 93 299
399 93 299
400 11 300
400 43 300
400 73 300
400 97 300
400 98 300
401 24 301
401 24 301
401 30 301
401 30 301
401 73 301
402 24 302
402 43 302
402 93 302
402 98 302
402 167 302
403 47 303
403 93 303
403 93 303
403 100 303
403 113 303
404 23 304
404 73 304
404 90 304
404 98 304
404 147 304
405 11 305
405 11 305
405 11 305
405 30 305
405 43 305
406 13 306
406 13 306
406 74 306
406 90 306
406 247 306
407 24 307
407 70 307
407 90 307
407 90 307
407 106 307
408 47 308
408 58 308
408 58 308
408 74 308
408 90 308
409 11 309
409 44 309
409 58 309
409 93 309
409 109 309
410 24 310
410 30 310
410 58 310
410 58 310
410 90 310
411 43 311
411 49 311
411 73 311
411 98 311
411 178 311
412 13 312
412 58 312
412 93 312
412 93 312
412 98 312
413 13 313
413 37 313
413 43 313
413 43 313
413 74 313
414 43 314
414 47 314
414 90 314
414 116 314
414 211 314
415 11 315
415 13 315
415 43 315
415 90 315
415 102 315
416 2 316
416 58 316
416 74 316
416 74 316
416 90 316
417 6 317
417 47 317
417 58 317
417 73 317
417 74 317
418 6 318
418 43 318
418 47 318
418 58 318
418 90 318
419 13 319
419 24 319
419 74 319
419 90 319
419 316 319
420 13 320
420 58 320
420 98 320
420 98 320
420 98 320
421 73 321
421 74 321
421 90 321
421 90 321
421 93 321
422 13 322
422 24 322
422 24 322
422 78 322
422 93 322
423 37 323
423 43 323
423 43 323
423 73 323
423 78 323
424 38 324
424 73 324
424 73 324
424 73 324
424 122 324
425 24 325
425 58 325
425 74 325
425 93 325
425 106 325
426 11 326
426 24 326
426 43 326
426 73 326
426 73 326
427 4 327
427 13 327
427 13 327
427 25 327
427 74 327
428 30 328
428 58 328
428 90 328
428 90 328
428 98 328
429 24 329
429 43 329
429 43 329
429 73 329
429 106 329
430 11 330
430 73 330
430 74 330
430 93 330
430 93 330
431 13 331
431 47 331
431 58 331
431 90 331
431 90 331
432 73 332
432 73 332
432 73 332
432 90 332
432 106 332
433 6 333
433 16 333
433 78 333
433 90 333
433 90 333
434 11 334
434 24 334
434 73 334
434 93 334
434 106 334
435 11 335
435 24 335
435 43 335
435 58 335
435 325 335
436 2 336
436 11 336
436 11 336
436 90 336
436 93 336
437 43 337
437 52 337
437 58 337
437 90 337
437 93 337
438 1 338
438 30 338
438 43 338
438 43 338
438 145 338
439 24 339
439 30 339
439 73 339
439 74 339
439 74 339
440 26 340
440 47 340
440 90 340
440 93 340
440 93 340
441 43 341
441 47 341
441 58 341
441 74 341
441 74 341
442 43 342
442 93 342
442 93 342
442 93 342
442 93 342
443 6 343
443 30 343
443 43 343
443 58 343
443 74 343
444 13 344
444 47 344
444 74 344
444 90 344
444 93 344
445 6 345
445 24 345
445 58 345
445 58 345
445 93 345
446 2 346
446 11 346
446 73 346
446 74 346
446 90 346
447 11 347
447 58 347
447 74 347
447 78 347
447 150 347
448 13 348
448 43 348
448 47 348
448 90 348
448 233 348
449 4 349
449 58 349
449 58 349
449 90 349
449 90 349
450 24 350
450 43 350
450 75 350
450 93 350
450 449 350
451 11 351
451 13 351
451 24 351
451 58 351
451 98 351
452 13 352
452 13 352
452 23 352
452 90 352
452 93 352
453 13 353
453 30 353
453 43 353
453 58 353
453 58 353
454 24 354
454 43 354
454 58 354
454 106 354
454 406 354
455 30 355
455 30 355
455 58 355
455 90 355
455 90 355
456 11 356
456 13 356
456 43 356
456 58 356
456 201 356
457 24 357
457 30 357
457 58 357
457 78 357
457 80 357
458 11 358
458 26 358
458 43 358
458 90 358
458 97 358
459 23 359
459 30 359
459 58 359
459 98 359
459 98 359
460 11 360
460 11 360
460 90 360
460 93 360
460 93 360
461 47 361
461 47 361
461 73 361
461 90 361
461 221 361
462 2 362
462 58 362
462 74 362
462 90 362
462 93 362
463 73 363
463 74 363
463 90 363
463 93 363
463 98 363
464 43 364
464 58 364
464 90 364
464 90 364
464 93 364
465 43 365
465 47 365
465 73 365
465 73 365
465 93 365
466 24 366
466 47 366
466 78 366
466 93 366
466 93 366
467 6 367
467 43 367
467 90 367
467 90 367
467 98 367
468 43 368
468 43 368
468 47 368
468 53 368
468 98 368
469 73 369
469 74 369
469 90 369
469 93 369
469 365 369
470 13 370
470 43 370
470 73 370
470 90 370
470 97 370
471 1 371
471 13 371
471 24 371
471 30 371
471 90 371
472 11 372
472 24 372
472 30 372
472 43 372
472 58 372
473 43 373
473 73 373
473 74 373
473 93 373
473 93 373
474 6 374
474 13 374
474 24 374
474 37 374
474 97 374
475 11 375
475 43 375
475 58 375
475 73 375
475 106 375
476 43 376
476 43 376
476 58 376
476 74 376
476 90 376
477 24 377
477 30 377
477 43 377
477 74 377
477 93 377
478 11 378
478 24 378
478 90 378
478 93 378
478 106 378
479 4 379
479 24 379
479 43 379
479 74 379
479 90 379
480 6 380
480 11 380
480 43 380
480 97 380
480 98 380
481 43 381
481 73 381
481 93 381
481 93 381
481 93 381
482 11 382
482 30 382
482 73 382
482 90 382
482 93 382
483 11 383
483 47 383
483 58 383
483 93 383
483 113 383
484 13 384
484 58 384
484 78 384
484 90 384
484 93 384
485 43 385
485 58 385
485 93 385
485 98 385
485 395 385
486 74 386
486 90 386
486 93 386
486 106 386
486 446 386
487 13 387
487 43 387
487 58 387
487 73 387
487 98 387
488 43 388
488 47 388
488 58 388
488 73 388
488 93 388
489 13 389
489 73 389
489 73 389
489 73 389
489 98 389
490 13 390
490 24 390
490 90 390
490 106 390
490 106 390
491 13 391
491 24 391
491 24 391
491 58 391
491 90 391
492 13 392
492 24 392
492 24 392
492 47 392
492 93 392
493 24 393
493 24 393
493 73 393
493 74 393
493 98 393
494 11 394
494 11 394
494 30 394
494 43 394
494 90 394
495 4 395
495 11 395
495 11 395
495 93 395
495 93 395
496 13 396
496 25 396
496 73 396
496 93 396
496 93 396
497 43 397
497 73 397
497 74 397
497 98 397
497 98 397
498 24 398
498 47 398
498 58 398
498 90 398
498 339 398
499 13 399
499 43 399
499 43 399
499 58 399
499 93 399
500 13 400
500 43 400
500 73 400
500 93 400
500 311 400
501 4 401
501 24 401
501 58 401
501 93 401
501 98 401
502 13 402
502 30 402
502 58 402
502 74 402
502 290 402
503 4 403
503 43 403
503 43 403
503 74 403
503 93 403
504 11 404
504 30 404
504 43 404
504 75 404
504 93 404
505 2 405
505 13 405
505 43 405
505 43 405
505 73 405
506 11 406
506 13 406
506 43 406
506 90 406
506 93 406
507 43 407
507 43 407
507 47 407
507 93 407
507 98 407
508 13 408
508 30 408
508 43 408
508 74 408
508 90 408
509 13 409
509 13 409
509 90 409
509 93 409
509 93 409
510 37 410
510 43 410
510 43 410
510 90 410
510 116 410
511 4 411
511 11 411
511 24 411
511 58 411
511 74 411
512 30 412
512 43 412
512 47 412
512 86 412
512 93 412
513 13 413
513 24 413
513 70 413
513 93 413
513 106 413
514 11 414
514 11 414
514 24 414
514 93 414
514 113 414
515 25 415
515 43 415
515 73 415
515 93 415
515 93 415
516 26 416
516 90 416
516 90 416
516 90 416
516 97 416
517 11 417
517 43 417
517 47 417
517 90 417
517 93 417
518 58 418
518 74 418
518 90 418
518 90 418
518 106 418
519 47 419
519 71 419
519 74 419
519 90 419
519 98 419
520 11 420
520 11 420
520 43 420
520 58 420
520 90 420
521 43 421
521 43 421
521 43 421
521 43 421
521 480 421
522 13 422
522 37 422
522 43 422
522 74 422
522 93 422
523 11 423
523 43 423
523 58 423
523 93 423
523 98 423
524 23 424
524 30 424
524 98 424
524 106 424
524 106 424
525 43 425
525 47 425
525 58 425
525 98 425
525 517 425
526 11 426
526 37 426
526 43 426
526 47 426
526 58 426
527 25 427
527 74 427
527 90 427
527 90 427
527 106 427
528 13 428
528 43 428
528 43 428
528 58 428
528 58 428
529 11 429
529 11 429
529 13 429
529 90 429
529 98 429
530 1 430
530 1 430
530 43 430
530 58 430
530 58 430
531 37 431
531 90 431
531 93 431
531 93 431
531 98 431
532 58 432
532 73 432
532 90 432
532 90 432
532 93 432
533 5 433
533 11 433
533 37 433
533 58 433
533 90 433
534 4 434
534 43 434
534 43 434
534 73 434
534 106 434
535 11 435
535 90 435
535 90 435
535 93 435
535 93 435
536 11 436
536 24 436
536 47 436
536 98 436
536 106 436
537 11 437
537 13 437
537 47 437
537 93 437
537 454 437
538 1 438
538 37 438
538 58 438
538 81 438
538 86 438
539 13 439
539 43 439
539 90 439
539 93 439
539 220 439
540 43 440
540 58 440
540 58 440
540 90 440
540 98 440
541 24 441
541 40 441
541 58 441
541 90 441
541 160 441
542 11 442
542 43 442
542 73 442
542 93 442
542 93 442
543 13 443
543 24 443
543 24 443
543 43 443
543 73 443
544 13 444
544 43 444
544 73 444
544 90 444
544 93 444
545 11 445
545 43 445
545 74 445
545 90 445
545 90 445
546 43 446
546 93 446
546 93 446
546 106 446
546 145 446
547 13 447
547 30 447
547 47 447
547 93 447
547 97 447
548 11 448
548 11 448
548 11 448
548 43 448
548 58 448
549 26 449
549 47 449
549 73 449
549 74 449
549 93 449
550 24 450
550 30 450
550 58 450
550 73 450
550 93 450
551 11 451
551 43 451
551 45 451
551 73 451
551 98 451
552 11 452
552 24 452
552 74 452
552 90 452
552 90 452
553 11 453
553 24 453
553 24 453
553 43 453
553 93 453
554 47 454
554 47 454
554 58 454
554 75 454
554 90 454
555 37 455
555 93 455
555 98 455
555 383 455
555 532 455
556 11 456
556 23 456
556 43 456
556 43 456
556 93 456
557 6 457
557 11 457
557 58 457
557 73 457
557 147 457
558 1 458
558 11 458
558 45 458
558 58 458
558 78 458
559 43 459
559 58 459
559 73 459
559 81 459
559 93 459
560 24 460
560 30 460
560 93 460
560 97 460
560 396 460
561 24 461
561 43 461
561 75 461
561 93 461
561 98 461
562 13 462
562 37 462
562 58 462
562 58 462
562 93 462
563 58 463
563 74 463
563 74 463
563 93 463
563 93 463
564 11 464
564 30 464
564 43 464
564 47 464
564 98 464
565 13 465
565 24 465
565 78 465
565 90 465
565 90 465
566 43 466
566 78 466
566 90 466
566 90 466
566 98 466
567 43 467
567 47 467
567 58 467
567 58 467
567 73 467
568 73 468
568 74 468
568 74 468
568 90 468
568 98 468
569 11 469
569 24 469
569 30 469
569 58 469
569 147 469
570 11 470
570 13 470
570 24 470
570 90 470
570 90 470
571 13 471
571 47 471
571 47 471
571 93 471
571 162 471
572 43 472
572 74 472
572 90 472
572 97 472
572 106 472
573 6 473
573 11 473
573 58 473
573 90 473
573 93 473
574 11 474
574 13 474
574 58 474
574 58 474
574 106 474
575 6 475
575 11 475
575 58 475
575 74 475
575 93 475
576 24 476
576 43 476
576 74 476
576 93 476
576 523 476
577 11 477
577 25 477
577 74 477
577 90 477
577 95 477
578 1 478
578 30 478
578 37 478
578 43 478
578 58 478
579 43 479
579 58 479
579 93 479
579 93 479
579 106 479
580 24 480
580 37 480
580 43 480
580 93 480
580 98 480
581 6 481
581 37 481
581 58 481
581 73 481
581 93 481
582 43 482
582 74 482
582 97 482
582 106 482
582 106 482
583 11 483
583 13 483
583 74 483
583 93 483
583 220 483
584 78 484
584 90 484
584 93 484
584 93 484
584 98 484
585 6 485
585 13 485
585 86 485
585 93 485
585 169 485
586 24 486
586 78 486
586 90 486
586 98 486
586 106 486
587 1 487
587 24 487
587 43 487
587 247 487
587 422 487
588 24 488
588 24 488
588 58 488
588 93 488
588 98 488
589 43 489
589 43 489
589 73 489
589 74 489
589 90 489
590 24 490
590 24 490
590 30 490
590 43 490
590 73 490
591 13 491
591 26 491
591 73 491
591 93 491
591 106 491
592 43 492
592 43 492
592 78 492
592 86 492
592 93 492
593 11 493
593 13 493
593 24 493
593 58 493
593 98 493
594 5 494
594 47 494
594 58 494
594 90 494
594 98 494
595 11 495
595 33 495
595 43 495
595 93 495
595 93 495
596 74 496
596 90 496
596 93 496
596 98 496
596 106 496
597 1 497
597 73 497
597 90 497
597 93 497
597 106 497
598 11 498
598 43 498
598 47 498
598 58 498
598 78 498
599 24 499
599 74 499
599 93 499
599 93 499
599 94 499
600 1 500
600 13 500
600 43 500
600 73 500
600 93 500
601 24 501
601 24 501
601 43 501
601 93 501
601 98 501
602 11 502
602 13 502
602 43 502
602 58 502
602 304 502
603 13 503
603 13 503
603 30 503
603 43 503
603 73 503
604 47 504
604 70 504
604 73 504
604 74 504
604 90 504
605 26 505
605 58 505
605 74 505
605 90 505
605 245 505
606 11 506
606 13 506
606 24 506
606 93 506
606 93 506
607 6 507
607 47 507
607 58 507
607 93 507
607 106 507
608 24 508
608 73 508
608 78 508
608 90 508
608 98 508
609 11 509
609 30 509
609 43 509
609 73 509
609 106 509
610 11 510
610 24 510
610 43 510
610 90 510
610 106 510
611 11 511
611 24 511
611 43 511
611 58 511
611 93 511
612 2 512
612 93 512
612 93 512
612 93 512
612 98 512
613 43 513
613 58 513
613 90 513
613 93 513
613 561 513
614 11 514
614 43 514
614 73 514
614 93 514
614 607 514
615 13 515
615 23 515
615 93 515
615 116 515
615 163 515
616 13 516
616 24 516
616 73 516
616 93 516
616 115 516
617 13 517
617 43 517
617 93 517
617 93 517
617 97 517
618 11 518
618 13 518
618 13 518
618 43 518
618 93 518
619 11 519
619 43 519
619 71 519
619 90 519
619 93 519
620 11 520
620 16 520
620 24 520
620 58 520
620 90 520
621 43 521
621 58 521
621 73 521
621 74 521
621 98 521
622 24 522
622 43 522
622 93 522
622 98 522
622 98 522
623 78 523
623 94 523
623 97 523
623 98 523
623 102 523
624 37 524
624 90 524
624 90 524
624 93 524
624 183 524
625 4 525
625 13 525
625 43 525
625 47 525
625 58 525
626 1 526
626 24 526
626 43 526
626 58 526
626 98 526
627 13 527
627 24 527
627 24 527
627 43 527
627 52 527
628 43 528
628 43 528
628 73 528
628 93 528
628 97 528
629 26 529
629 37 529
629 78 529
629 93 529
629 93 529
630 43 530
630 43 530
630 93 530
630 108 530
630 178 530
631 43 531
631 90 531
631 90 531
631 93 531
631 100 531
632 30 532
632 43 532
632 74 532
632 90 532
632 93 532
633 24 533
633 30 533
633 43 533
633 43 533
633 58 533
634 11 534
634 13 534
634 24 534
634 30 534
634 30 534
635 13 535
635 30 535
635 43 535
635 93 535
635 97 535
636 11 536
636 47 536
636 58 536
636 93 536
636 147 536
637 30 537
637 43 537
637 74 537
637 93 537
637 97 537
638 16 538
638 24 538
638 26 538
638 43 538
638 106 538
639 24 539
639 43 539
639 74 539
639 93 539
639 93 539
640 13 540
640 24 540
640 90 540
640 93 540
640 106 540
641 58 541
641 74 541
641 90 541
641 162 541
641 628 541
642 13 542
642 24 542
642 24 542
642 93 542
642 98 542
643 13 543
643 43 543
643 54 543
643 98 543
643 98 543
644 20 544
644 24 544
644 24 544
644 47 544
644 47 544
645 73 545
645 73 545
645 74 545
645 90 545
645 426 545
646 1 546
646 30 546
646 43 546
646 43 546
646 73 546
647 2 547
647 24 547
647 30 547
647 58 547
647 596 547
648 58 548
648 58 548
648 58 548
648 90 548
648 90 548
649 24 549
649 58 549
649 90 549
649 106 549
649 116 549
650 11 550
650 11 550
650 37 550
650 80 550
650 90 550
651 43 551
651 47 551
651 98 551
651 122 551
651 407 551
652 24 552
652 58 552
652 58 552
652 74 552
652 100 552
653 43 553
653 43 553
653 73 553
653 90 553
653 97 553
654 30 554
654 74 554
654 86 554
654 90 554
654 93 554
655 6 555
655 43 555
655 43 555
655 58 555
655 93 555
656 24 556
656 30 556
656 43 556
656 90 556
656 98 556
657 43 557
657 47 557
657 58 557
657 73 557
657 458 557
658 1 558
658 43 558
658 47 558
658 73 558
658 93 558
659 37 559
659 58 559
659 73 559
659 93 559
659 106 559
660 13 560
660 43 560
660 73 560
660 73 560
660 90 560
661 11 561
661 24 561
661 30 561
661 73 561
661 98 561
662 11 562
662 24 562
662 73 562
662 93 562
662 93 562
663 58 563
663 73 563
663 93 563
663 106 563
663 337 563
664 11 564
664 24 564
664 43 564
664 58 564
664 58 564
665 13 565
665 13 565
665 24 565
665 25 565
665 30 565
666 13 566
666 13 566
666 47 566
666 73 566
666 90 566
667 13 567
667 30 567
667 47 567
667 58 567
667 90 567
668 13 568
668 47 568
668 73 568
668 73 568
668 90 568
669 13 569
669 43 569
669 73 569
669 106 569
669 487 569
670 30 570
670 58 570
670 74 570
670 93 570
670 93 570
671 13 571
671 43 571
671 44 571
671 71 571
671 208 571
672 43 572
672 47 572
672 58 572
672 93 572
672 98 572
673 1 573
673 11 573
673 24 573
673 106 573
673 532 573
674 13 574
674 37 574
674 43 574
674 43 574
674 98 574
675 24 575
675 30 575
675 47 575
675 75 575
675 108 575
676 11 576
676 24 576
676 93 576
676 93 576
676 93 576
677 13 577
677 24 577
677 37 577
677 43 577
677 58 577
678 6 578
678 24 578
678 24 578
678 30 578
678 134 578
679 74 579
679 93 579
679 93 579
679 98 579
679 102 579
680 43 580
680 52 580
680 74 580
680 90 580
680 98 580
681 43 581
681 43 581
681 47 581
681 93 581
681 98 581
682 2 582
682 11 582
682 11 582
682 73 582
682 93 582
683 13 583
683 47 583
683 58 583
683 58 583
683 73 583
684 13 584
684 24 584
684 78 584
684 93 584
684 93 584
685 4 585
685 93 585
685 106 585
685 241 585
685 476 585
686 47 586
686 52 586
686 58 586
686 78 586
686 93 586
687 30 587
687 74 587
687 74 587
687 168 587
687 588 587
688 13 588
688 58 588
688 90 588
688 90 588
688 93 588
689 24 589
689 30 589
689 73 589
689 78 589
689 98 589
690 4 590
690 30 590
690 43 590
690 43 590
690 93 590
691 4 591
691 13 591
691 43 591
691 74 591
691 90 591
692 30 592
692 58 592
692 73 592
692 74 592
692 93 592
693 1 593
693 43 593
693 58 593
693 78 593
693 97 593
694 47 594
694 47 594
694 93 594
694 93 594
694 219 594
695 30 595
695 43 595
695 58 595
695 93 595
695 106 595
696 11 596
696 13 596
696 58 596
696 98 596
696 106 596
697 24 597
697 43 597
697 47 597
697 74 597
697 97 597
698 13 598
698 30 598
698 90 598
698 93 598
698 98 598
699 4 599
699 37 599
699 74 599
699 90 599
699 98 599
700 16 600
700 47 600
700 58 600
700 90 600
700 90 600
701 43 601
701 90 601
701 93 601
701 93 601
701 584 601
702 24 602
702 24 602
702 43 602
702 43 602
702 106 602
703 11 603
703 43 603
703 47 603
703 58 603
703 106 603
704 11 604
704 26 604
704 93 604
704 98 604
704 102 604
705 30 605
705 37 605
705 98 605
705 106 605
705 383 605
706 11 606
706 24 606
706 24 606
706 90 606
706 93 606
707 11 607
707 13 607
707 24 607
707 90 607
707 106 607
708 43 608
708 43 608
708 74 608
708 93 608
708 102 608
709 11 609
709 73 609
709 74 609
709 128 609
709 495 609
710 11 610
710 47 610
710 58 610
710 98 610
710 214 610
711 11 611
711 30 611
711 58 611
711 73 611
711 655 611
712 6 612
712 11 612
712 43 612
712 58 612
712 78 612
713 13 613
713 73 613
713 78 613
713 86 613
713 93 613
714 43 614
714 93 614
714 97 614
714 106 614
714 106 614
715 2 615
715 13 615
715 93 615
715 93 615
715 98 615
716 2 616
716 6 616
716 11 616
716 90 616
716 98 616
717 13 617
717 13 617
717 74 617
717 74 617
717 99 617
718 58 618
718 74 618
718 90 618
718 90 618
718 98 618
719 43 619
719 44 619
719 58 619
719 73 619
719 86 619
720 43 620
720 50 620
720 73 620
720 93 620
720 98 620
721 2 621
721 13 621
721 43 621
721 58 621
721 58 621
722 2 622
722 13 622
722 13 622
722 43 622
722 102 622
723 24 623
723 43 623
723 58 623
723 90 623
723 93 623
724 11 624
724 24 624
724 47 624
724 73 624
724 74 624
725 2 625
725 43 625
725 43 625
725 73 625
725 74 625
726 47 626
726 73 626
726 74 626
726 93 626
726 98 626
727 11 627
727 13 627
727 74 627
727 90 627
727 93 627
728 30 628
728 43 628
728 43 628
728 47 628
728 93 628
729 13 629
729 24 629
729 30 629
729 71 629
729 90 629
730 24 630
730 30 630
730 58 630
730 73 630
730 357 630
731 11 631
731 13 631
731 13 631
731 23 631
731 97 631
732 11 632
732 26 632
732 45 632
732 58 632
732 73 632
733 24 633
733 43 633
733 43 633
733 58 633
733 106 633
734 58 634
734 90 634
734 90 634
734 97 634
734 98 634
735 13 635
735 43 635
735 74 635
735 98 635
735 366 635
736 13 636
736 30 636
736 90 636
736 93 636
736 94 636
737 11 637
737 43 637
737 43 637
737 47 637
737 93 637
738 37 638
738 47 638
738 58 638
738 73 638
738 665 638
739 13 639
739 13 639
739 37 639
739 90 639
739 98 639
740 11 640
740 13 640
740 24 640
740 93 640
740 93 640
741 1 641
741 24 641
741 24 641
741 98 641
741 314 641
742 11 642
742 24 642
742 58 642
742 90 642
742 98 642
743 30 643
743 37 643
743 43 643
743 58 643
743 74 643
744 11 644
744 13 644
744 30 644
744 43 644
744 93 644
745 37 645
745 58 645
745 86 645
745 90 645
745 98 645
746 13 646
746 43 646
746 43 646
746 58 646
746 93 646
747 23 647
747 43 647
747 43 647
747 73 647
747 98 647
748 13 648
748 90 648
748 93 648
748 106 648
748 145 648
749 2 649
749 24 649
749 93 649
749 93 649
749 652 649
750 6 650
750 26 650
750 47 650
750 73 650
750 93 650
751 2 651
751 24 651
751 52 651
751 93 651
751 93 651
752 11 652
752 13 652
752 73 652
752 74 652
752 74 652
753 13 653
753 24 653
753 43 653
753 43 653
753 113 653
754 30 654
754 58 654
754 93 654
754 106 654
754 116 654
755 22 655
755 47 655
755 58 655
755 93 655
755 93 655
756 1 656
756 11 656
756 13 656
756 24 656
756 47 656
757 11 657
757 13 657
757 37 657
757 93 657
757 117 657
758 2 658
758 13 658
758 24 658
758 93 658
758 93 658
759 47 659
759 71 659
759 93 659
759 93 659
759 259 659
760 24 660
760 47 660
760 58 660
760 93 660
760 106 660
761 13 661
761 43 661
761 58 661
761 74 661
761 98 661
762 43 662
762 43 662
762 47 662
762 58 662
762 93 662
763 30 663
763 43 663
763 43 663
763 90 663
763 106 663
764 11 664
764 43 664
764 47 664
764 47 664
764 98 664
765 24 665
765 24 665
765 43 665
765 47 665
765 93 665
766 13 666
766 24 666
766 47 666
766 73 666
766 93 666
767 37 667
767 47 667
767 58 667
767 86 667
767 93 667
768 2 668
768 23 668
768 58 668
768 93 668
768 734 668
769 6 669
769 6 669
769 73 669
769 86 669
769 90 669
770 43 670
770 43 670
770 58 670
770 73 670
770 102 670
771 47 671
771 90 671
771 93 671
771 102 671
771 687 671
772 11 672
772 30 672
772 47 672
772 74 672
772 612 672
773 24 673
773 47 673
773 86 673
773 116 673
773 167 673
774 13 674
774 37 674
774 90 674
774 93 674
774 98 674
775 11 675
775 13 675
775 24 675
775 30 675
775 58 675
776 11 676
776 24 676
776 43 676
776 90 676
776 98 676
777 2 677
777 37 677
777 47 677
777 90 677
777 106 677
778 24 678
778 37 678
778 47 678
778 93 678
778 134 678
779 6 679
779 30 679
779 73 679
779 90 679
779 260 679
780 13 680
780 24 680
780 58 680
780 58 680
780 98 680
781 37 681
781 43 681
781 74 681
781 74 681
781 74 681
782 4 682
782 43 682
782 93 682
782 98 682
782 390 682
783 24 683
783 47 683
783 73 683
783 74 683
783 93 683
784 11 684
784 43 684
784 58 684
784 93 684
784 93 684
785 1 685
785 58 685
785 93 685
785 93 685
785 97 685
786 13 686
786 37 686
786 74 686
786 90 686
786 90 686
787 13 687
787 23 687
787 43 687
787 58 687
787 97 687
788 13 688
788 90 688
788 90 688
788 93 688
788 98 688
789 6 689
789 47 689
789 58 689
789 93 689
789 150 689
790 13 690
790 24 690
790 26 690
790 73 690
790 93 690
791 43 691
791 51 691
791 73 691
791 93 691
791 108 691
792 43 692
792 43 692
792 47 692
792 58 692
792 98 692
793 13 693
793 37 693
793 78 693
793 93 693
793 106 693
794 11 694
794 24 694
794 30 694
794 43 694
794 90 694
795 6 695
795 13 695
795 73 695
795 93 695
795 98 695
796 13 696
796 86 696
796 90 696
796 93 696
796 106 696
797 13 697
797 24 697
797 47 697
797 58 697
797 90 697
798 43 698
798 43 698
798 74 698
798 93 698
798 98 698
799 58 699
799 58 699
799 78 699
799 93 699
799 98 699
800 13 700
800 90 700
800 90 700
800 422 700
800 536 700
801 2 701
801 11 701
801 43 701
801 90 701
801 116 701
802 1 702
802 1 702
802 74 702
802 74 702
802 93 702
803 43 703
803 58 703
803 58 703
803 78 703
803 100 703
804 13 704
804 74 704
804 93 704
804 93 704
804 736 704
805 6 705
805 58 705
805 58 705
805 97 705
805 97 705
806 18 706
806 24 706
806 47 706
806 74 706
806 98 706
807 30 707
807 73 707
807 78 707
807 93 707
807 113 707
808 4 708
808 11 708
808 73 708
808 90 708
808 93 708
809 13 709
809 24 709
809 43 709
809 58 709
809 150 709
810 15 710
810 43 710
810 78 710
810 90 710
810 93 710
811 58 711
811 93 711
811 93 711
811 98 711
811 688 711
812 11 712
812 13 712
812 37 712
812 43 712
812 58 712
813 1 713
813 37 713
813 37 713
813 43 713
813 47 713
814 18 714
814 74 714
814 93 714
814 106 714
814 106 714
815 43 715
815 78 715
815 90 715
815 93 715
815 467 715
816 30 716
816 93 716
816 93 716
816 98 716
816 706 716
817 43 717
817 47 717
817 93 717
817 93 717
817 98 717
818 13 718
818 43 718
818 58 718
818 90 718
818 98 718
819 47 719
819 58 719
819 58 719
819 73 719
819 296 719
820 11 720
820 13 720
820 13 720
820 43 720
820 74 720
821 11 721
821 25 721
821 43 721
821 47 721
821 90 721
822 18 722
822 24 722
822 24 722
822 24 722
822 47 722
823 47 723
823 73 723
823 93 723
823 93 723
823 424 723
824 13 724
824 43 724
824 58 724
824 74 724
824 93 724
825 4 725
825 43 725
825 47 725
825 98 725
825 102 725
826 4 726
826 43 726
826 58 726
826 74 726
826 97 726
827 4 727
827 43 727
827 43 727
827 58 727
827 182 727
828 73 728
828 73 728
828 73 728
828 74 728
828 98 728
829 6 729
829 13 729
829 58 729
829 93 729
829 731 729
830 11 730
830 58 730
830 74 730
830 90 730
830 106 730
831 43 731
831 93 731
831 93 731
831 93 731
831 93 731
832 13 732
832 13 732
832 47 732
832 93 732
832 93 732
833 43 733
833 54 733
833 74 733
833 114 733
833 520 733
834 30 734
834 43 734
834 58 734
834 74 734
834 97 734
835 13 735
835 24 735
835 37 735
835 86 735
835 93 735
836 13 736
836 13 736
836 24 736
836 58 736
836 90 736
837 2 737
837 11 737
837 58 737
837 58 737
837 90 737
838 23 738
838 24 738
838 74 738
838 93 738
838 93 738
839 24 739
839 37 739
839 47 739
839 73 739
839 74 739
840 4 740
840 43 740
840 58 740
840 116 740
840 752 740
841 1 741
841 11 741
841 11 741
841 106 741
841 106 741
842 13 742
842 24 742
842 43 742
842 281 742
842 572 742
843 13 743
843 47 743
843 58 743
843 70 743
843 835 743
844 24 744
844 73 744
844 93 744
844 162 744
844 393 744
845 11 745
845 74 745
845 90 745
845 93 745
845 729 745
846 13 746
846 24 746
846 26 746
846 93 746
846 499 746
847 24 747
847 26 747
847 47 747
847 90 747
847 90 747
848 24 748
848 43 748
848 74 748
848 97 748
848 106 748
849 6 749
849 26 749
849 47 749
849 90 749
849 106 749
850 2 750
850 43 750
850 58 750
850 106 750
850 489 750
851 13 751
851 13 751
851 24 751
851 30 751
851 47 751
852 11 752
852 47 752
852 47 752
852 58 752
852 93 752
853 6 753
853 13 753
853 47 753
853 51 753
853 90 753
854 30 754
854 43 754
854 43 754
854 47 754
854 58 754
855 11 755
855 43 755
855 58 755
855 73 755
855 93 755
856 13 756
856 58 756
856 74 756
856 90 756
856 98 756
857 24 757
857 43 757
857 90 757
857 90 757
857 98 757
858 2 758
858 78 758
858 93 758
858 94 758
858 732 758
859 6 759
859 11 759
859 58 759
859 93 759
859 106 759
860 13 760
860 90 760
860 93 760
860 106 760
860 480 760
861 23 761
861 24 761
861 47 761
861 97 761
861 98 761
862 26 762
862 47 762
862 98 762
862 215 762
862 771 762
863 23 763
863 24 763
863 74 763
863 90 763
863 98 763
864 58 764
864 73 764
864 74 764
864 80 764
864 93 764
865 13 765
865 24 765
865 58 765
865 90 765
865 132 765
866 4 766
866 13 766
866 24 766
866 43 766
866 383 766
867 6 767
867 24 767
867 58 767
867 73 767
867 850 767
868 13 768
868 24 768
868 24 768
868 26 768
868 43 768
869 13 769
869 43 769
869 90 769
869 93 769
869 106 769
870 30 770
870 58 770
870 58 770
870 74 770
870 543 770
871 24 771
871 37 771
871 43 771
871 58 771
871 58 771
872 11 772
872 24 772
872 43 772
872 73 772
872 93 772
873 43 773
873 58 773
873 86 773
873 93 773
873 98 773
874 4 774
874 37 774
874 47 774
874 93 774
874 93 774
875 24 775
875 24 775
875 58 775
875 74 775
875 147 775
876 13 776
876 49 776
876 90 776
876 93 776
876 147 776
877 37 777
877 58 777
877 58 777
877 74 777
877 78 777
878 24 778
878 24 778
878 43 778
878 90 778
878 93 778
879 13 779
879 24 779
879 93 779
879 98 779
879 432 779
880 11 780
880 11 780
880 73 780
880 73 780
880 98 780
881 37 781
881 58 781
881 58 781
881 73 781
881 90 781
882 6 782
882 13 782
882 83 782
882 98 782
882 837 782
883 11 783
883 43 783
883 47 783
883 74 783
883 259 783
884 6 784
884 58 784
884 73 784
884 75 784
884 272 784
885 47 785
885 60 785
885 74 785
885 86 785
885 90 785
886 13 786
886 37 786
886 90 786
886 413 786
886 468 786
887 11 787
887 43 787
887 58 787
887 73 787
887 93 787
888 13 788
888 30 788
888 43 788
888 43 788
888 73 788
889 24 789
889 24 789
889 58 789
889 90 789
889 93 789
890 5 790
890 43 790
890 58 790
890 71 790
890 122 790
891 6 791
891 24 791
891 24 791
891 24 791
891 97 791
892 24 792
892 78 792
892 90 792
892 93 792
892 366 792
893 1 793
893 53 793
893 74 793
893 98 793
893 100 793
894 58 794
894 74 794
894 74 794
894 93 794
894 98 794
895 4 795
895 24 795
895 90 795
895 93 795
895 93 795
896 11 796
896 24 796
896 58 796
896 90 796
896 116 796
897 13 797
897 58 797
897 58 797
897 93 797
897 93 797
898 13 798
898 24 798
898 43 798
898 93 798
898 98 798
899 11 799
899 13 799
899 24 799
899 47 799
899 58 799
900 1 800
900 2 800
900 90 800
900 93 800
900 97 800
901 43 801
901 43 801
901 58 801
901 81 801
901 106 801
902 16 802
902 26 802
902 43 802
902 43 802
902 58 802
903 13 803
903 56 803
903 58 803
903 74 803
903 93 803
904 13 804
904 24 804
904 43 804
904 78 804
904 90 804
905 58 805
905 74 805
905 74 805
905 93 805
905 93 805
906 2 806
906 43 806
906 47 806
906 73 806
906 93 806
907 11 807
907 37 807
907 90 807
907 98 807
907 277 807
908 6 808
908 30 808
908 43 808
908 47 808
908 58 808
909 24 809
909 30 809
909 43 809
909 90 809
909 93 809
910 11 810
910 37 810
910 74 810
910 90 810
910 516 810
911 2 811
911 2 811
911 13 811
911 30 811
911 855 811
912 1 812
912 47 812
912 58 812
912 74 812
912 147 812
913 13 813
913 43 813
913 47 813
913 90 813
913 90 813
914 37 814
914 58 814
914 74 814
914 93 814
914 194 814
915 11 815
915 43 815
915 73 815
915 73 815
915 74 815
916 1 816
916 58 816
916 58 816
916 128 816
916 330 816
917 13 817
917 24 817
917 54 817
917 74 817
917 93 817
918 6 818
918 11 818
918 90 818
918 90 818
918 92 818
919 11 819
919 90 819
919 93 819
919 106 819
919 247 819
920 13 820
920 24 820
920 30 820
920 43 820
920 86 820
921 6 821
921 43 821
921 86 821
921 90 821
921 93 821
922 30 822
922 37 822
922 43 822
922 71 822
922 74 822
923 43 823
923 58 823
923 80 823
923 98 823
923 508 823
924 24 824
924 30 824
924 74 824
924 90 824
924 93 824
925 11 825
925 43 825
925 73 825
925 73 825
925 98 825
926 11 826
926 30 826
926 43 826
926 73 826
926 106 826
927 6 827
927 13 827
927 47 827
927 74 827
927 90 827
928 58 828
928 74 828
928 90 828
928 93 828
928 93 828
929 30 829
929 43 829
929 74 829
929 98 829
929 411 829
930 13 830
930 58 830
930 90 830
930 94 830
930 653 830
931 37 831
931 47 831
931 58 831
931 58 831
931 73 831
932 13 832
932 24 832
932 43 832
932 90 832
932 106 832
933 2 833
933 13 833
933 24 833
933 43 833
933 47 833
934 13 834
934 43 834
934 93 834
934 98 834
934 134 834
935 16 835
935 24 835
935 47 835
935 90 835
935 237 835
936 13 836
936 24 836
936 30 836
936 81 836
936 93 836
937 24 837
937 93 837
937 93 837
937 106 837
937 713 837
938 6 838
938 30 838
938 73 838
938 90 838
938 90 838
939 93 839
939 93 839
939 94 839
939 100 839
939 392 839
940 43 840
940 58 840
940 73 840
940 113 840
940 147 840
941 4 841
941 43 841
941 93 841
941 98 841
941 147 841
942 43 842
942 43 842
942 58 842
942 73 842
942 786 842
943 1 843
943 73 843
943 90 843
943 93 843
943 98 843
944 11 844
944 13 844
944 43 844
944 58 844
944 73 844
945 2 845
945 43 845
945 73 845
945 78 845
945 97 845
946 11 846
946 13 846
946 26 846
946 73 846
946 98 846
947 11 847
947 37 847
947 43 847
947 58 847
947 98 847
948 30 848
948 47 848
948 98 848
948 98 848
948 106 848
949 43 849
949 43 849
949 58 849
949 93 849
949 98 849
950 13 850
950 43 850
950 78 850
950 106 850
950 147 850
951 13 851
951 47 851
951 73 851
951 90 851
951 406 851
952 30 852
952 37 852
952 58 852
952 90 852
952 93 852
953 11 853
953 93 853
953 98 853
953 106 853
953 427 853
954 4 854
954 47 854
954 73 854
954 74 854
954 74 854
955 13 855
955 24 855
955 81 855
955 106 855
955 106 855
956 11 856
956 43 856
956 58 856
956 113 856
956 287 856
957 24 857
957 43 857
957 58 857
957 73 857
957 73 857
958 24 858
958 74 858
958 93 858
958 93 858
958 106 858
959 11 859
959 43 859
959 86 859
959 90 859
959 150 859
960 13 860
960 37 860
960 43 860
960 90 860
960 93 860
961 4 861
961 11 861
961 13 861
961 30 861
961 147 861
962 86 862
962 90 862
962 93 862
962 98 862
962 132 862
963 26 863
963 37 863
963 43 863
963 74 863
963 93 863
964 43 864
964 58 864
964 74 864
964 94 864
964 679 864
965 11 865
965 30 865
965 43 865
965 73 865
965 98 865
966 24 866
966 43 866
966 43 866
966 73 866
966 106 866
967 11 867
967 24 867
967 30 867
967 75 867
967 98 867
968 37 868
968 47 868
968 52 868
968 90 868
968 90 868
969 11 869
969 13 869
969 58 869
969 93 869
969 147 869
970 43 870
970 73 870
970 78 870
970 90 870
970 97 870
971 11 871
971 43 871
971 43 871
971 47 871
971 90 871
972 43 872
972 58 872
972 74 872
972 86 872
972 93 872
973 13 873
973 30 873
973 43 873
973 90 873
973 97 873
974 73 874
974 73 874
974 73 874
974 93 874
974 116 874
975 11 875
975 13 875
975 24 875
975 93 875
975 93 875
976 11 876
976 24 876
976 30 876
976 47 876
976 74 876
977 11 877
977 43 877
977 43 877
977 63 877
977 93 877
978 43 878
978 58 878
978 90 878
978 90 878
978 98 878
979 13 879
979 58 879
979 58 879
979 74 879
979 90 879
980 13 880
980 16 880
980 24 880
980 98 880
980 113 880
981 11 881
981 30 881
981 78 881
981 93 881
981 147 881
982 13 882
982 30 882
982 90 882
982 90 882
982 98 882
983 13 883
983 30 883
983 74 883
983 90 883
983 862 883
984 13 884
984 16 884
984 24 884
984 43 884
984 58 884
985 13 885
985 13 885
985 24 885
985 93 885
985 147 885
986 11 886
986 13 886
986 24 886
986 73 886
986 74 886
987 11 887
987 13 887
987 30 887
987 43 887
987 93 887
988 24 888
988 24 888
988 74 888
988 90 888
988 93 888
989 43 889
989 43 889
989 90 889
989 93 889
989 98 889
990 4 890
990 13 890
990 70 890
990 86 890
990 147 890
991 1 891
991 11 891
991 43 891
991 78 891
991 90 891
992 11 892
992 37 892
992 43 892
992 47 892
992 58 892
993 11 893
993 58 893
993 93 893
993 98 893
993 98 893
994 49 894
994 58 894
994 73 894
994 73 894
994 98 894
995 11 895
995 13 895
995 43 895
995 58 895
995 98 895
996 43 896
996 58 896
996 78 896
996 93 896
996 93 896
997 1 897
997 24 897
997 37 897
997 47 897
997 58 897
998 24 898
998 58 898
998 58 898
998 73 898
998 93 898
999 30 899
999 43 899
999 58 899
999 98 899
999 98 899
1000 43 900
1000 43 900
1000 58 900
1000 93 900
1000 93 900
