2 1 0
3 2 1
3 2 1
3 2 1
3 2 1
3 2 1
4 1 2
4 2 2
4 2 2
4 2 2
4 2 2
5 1 3
5 1 3
5 1 3
5 2 3
5 2 3
6 1 4
6 1 4
6 2 4
6 3 4
6 5 4
7 1 5
7 1 5
7 1 5
7 2 5
7 2 5
8 1 6
8 1 6
8 1 6
8 2 6
8 2 6
9 2 7
9 2 7
9 2 7
9 2 7
9 7 7
10 2 8
10 2 8
10 5 8
10 5 8
10 6 8
11 1 9
11 2 9
11 2 9
11 5 9
11 9 9
12 1 10
12 2 10
12 2 10
12 5 10
12 6 10
13 1 11
13 2 11
13 5 11
13 7 11
13 12 11
14 1 12
14 1 12
14 1 12
14 2 12
14 7 12
15 1 13
15 1 13
15 1 13
15 1 13
15 2 13
16 1 14
16 1 14
16 1 14
16 2 14
16 2 14
17 1 15
17 1 15
17 2 15
17 2 15
17 16 15
18 1 16
18 1 16
18 2 16
18 5 16
18 7 16
19 1 17
19 1 17
19 1 17
19 5 17
19 13 17
20 1 18
20 1 18
20 2 18
20 2 18
20 2 18
21 1 19
21 2 19
21 2 19
21 2 19
21 2 19
22 1 20
22 2 20
22 2 20
22 5 20
22 13 20
23 2 21
23 2 21
23 2 21
23 2 21
23 12 21
24 1 22
24 2 22
24 2 22
24 2 22
24 6 22
25 1 23
25 2 23
25 2 23
25 7 23
25 7 23
26 2 24
26 2 24
26 5 24
26 7 24
26 23 24
27 1 25
27 1 25
27 1 25
27 1 25
27 24 25
28 1 26
28 1 26
28 2 26
28 5 26
28 24 26
29 1 27
29 1 27
29 2 27
29 2 27
29 5 27
30 1 28
30 2 28
30 2 28
30 5 28
30 13 28
31 1 29
31 2 29
31 2 29
31 6 29
31 15 29
32 1 30
32 2 30
32 2 30
32 2 30
32 6 30
33 1 31
33 2 31
33 2 31
33 5 31
33 5 31
34 1 32
34 2 32
34 2 32
34 7 32
34 7 32
35 1 33
35 1 33
35 2 33
35 2 33
35 5 33
36 1 34
36 1 34
36 2 34
36 3 34
36 5 34
37 1 35
37 2 35
37 2 35
37 5 35
37 7 35
38 1 36
38 1 36
38 1 36
38 23 36
38 27 36
39 1 37
39 1 37
39 2 37
39 2 37
39 4 37
40 1 38
40 1 38
40 1 38
40 2 38
40 26 38
41 1 39
41 1 39
41 5 39
41 7 39
41 22 39
42 1 40
42 1 40
42 1 40
42 2 40
42 2 40
43 1 41
43 1 41
43 1 41
43 2 41
43 5 41
44 1 42
44 2 42
44 2 42
44 2 42
44 9 42
45 1 43
45 2 43
45 2 43
45 2 43
45 7 43
46 1 44
46 2 44
46 2 44
46 2 44
46 42 44
47 1 45
47 1 45
47 1 45
47 4 45
47 9 45
48 1 46
48 1 46
48 1 46
48 2 46
48 2 46
49 1 47
49 2 47
49 2 47
49 5 47
49 19 47
50 1 48
50 2 48
50 5 48
50 10 48
50 35 48
51 1 49
51 2 49
51 2 49
51 2 49
51 5 49
52 1 50
52 2 50
52 2 50
52 6 50
52 23 50
53 1 51
53 2 51
53 2 51
53 2 51
53 2 51
54 1 52
54 1 52
54 5 52
54 13 52
54 20 52
55 1 53
55 1 53
55 6 53
55 7 53
55 54 53
56 1 54
56 2 54
56 2 54
56 3 54
56 13 54
57 2 55
57 5 55
57 5 55
57 10 55
57 52 55
58 1 56
58 2 56
58 2 56
58 13 56
58 26 56
59 1 57
59 2 57
59 3 57
59 5 57
59 7 57
60 1 58
60 2 58
60 2 58
60 3 58
60 32 58
61 1 59
61 2 59
61 7 59
61 40 59
61 57 59
62 1 60
62 1 60
62 2 60
62 2 60
62 13 60
63 1 61
63 1 61
63 1 61
63 1 61
63 2 61
64 1 62
64 2 62
64 2 62
64 6 62
64 24 62
65 1 63
65 2 63
65 2 63
65 7 63
65 54 63
66 1 64
66 1 64
66 1 64
66 2 64
66 13 64
67 1 65
67 2 65
67 2 65
67 13 65
67 38 65
68 1 66
68 1 66
68 2 66
68 5 66
68 7 66
69 1 67
69 1 67
69 1 67
69 2 67
69 65 67
70 1 68
70 1 68
70 2 68
70 41 68
70 67 68
71 2 69
71 2 69
71 2 69
71 2 69
71 2 69
72 1 70
72 2 70
72 5 70
72 5 70
72 64 70
73 1 71
73 2 71
73 2 71
73 7 71
73 67 71
74 1 72
74 1 72
74 5 72
74 7 72
74 14 72
75 1 73
75 2 73
75 7 73
75 7 73
75 9 73
76 1 74
76 2 74
76 6 74
76 26 74
76 53 74
77 1 75
77 2 75
77 2 75
77 7 75
77 67 75
78 1 76
78 1 76
78 1 76
78 7 76
78 22 76
79 1 77
79 2 77
79 2 77
79 2 77
79 5 77
80 2 78
80 2 78
80 2 78
80 13 78
80 43 78
81 2 79
81 2 79
81 5 79
81 7 79
81 21 79
82 1 80
82 7 80
82 23 80
82 24 80
82 67 80
83 1 81
83 1 81
83 2 81
83 2 81
83 5 81
84 1 82
84 2 82
84 2 82
84 7 82
84 26 82
85 2 83
85 2 83
85 2 83
85 7 83
85 39 83
86 2 84
86 4 84
86 5 84
86 5 84
86 57 84
87 5 85
87 6 85
87 6 85
87 7 85
87 82 85
88 2 86
88 2 86
88 2 86
88 5 86
88 5 86
89 1 87
89 1 87
89 2 87
89 5 87
89 61 87
90 1 88
90 2 88
90 2 88
90 2 88
90 5 88
91 2 89
91 2 89
91 2 89
91 41 89
91 67 89
92 1 90
92 1 90
92 3 90
92 5 90
92 41 90
93 1 91
93 1 91
93 2 91
93 2 91
93 2 91
94 2 92
94 2 92
94 2 92
94 2 92
94 2 92
95 1 93
95 2 93
95 4 93
95 7 93
95 26 93
96 2 94
96 2 94
96 2 94
96 59 94
96 62 94
97 1 95
97 1 95
97 2 95
97 2 95
97 2 95
98 1 96
98 2 96
98 2 96
98 3 96
98 67 96
99 1 97
99 1 97
99 5 97
99 22 97
99 42 97
100 2 98
100 2 98
100 32 98
100 47 98
100 76 98
101 5 99
101 5 99
101 6 99
101 7 99
101 39 99
102 1 100
102 2 100
102 5 100
102 67 100
102 67 100
103 1 101
103 1 101
103 2 101
103 15 101
103 35 101
104 1 102
104 1 102
104 1 102
104 1 102
104 51 102
105 2 103
105 2 103
105 24 103
105 39 103
105 69 103
106 1 104
106 2 104
106 2 104
106 6 104
106 56 104
107 1 105
107 1 105
107 2 105
107 32 105
107 83 105
108 1 106
108 2 106
108 7 106
108 7 106
108 51 106
109 1 107
109 4 107
109 7 107
109 7 107
109 96 107
110 1 108
110 2 108
110 2 108
110 5 108
110 35 108
111 1 109
111 2 109
111 2 109
111 5 109
111 5 109
112 1 110
112 1 110
112 1 110
112 2 110
112 2 110
113 1 111
113 1 111
113 1 111
113 2 111
113 2 111
114 2 112
114 2 112
114 2 112
114 60 112
114 107 112
115 1 113
115 1 113
115 1 113
115 13 113
115 51 113
116 1 114
116 2 114
116 2 114
116 5 114
116 5 114
117 1 115
117 2 115
117 5 115
117 88 115
117 93 115
118 1 116
118 2 116
118 9 116
118 40 116
118 67 116
119 2 117
119 2 117
119 2 117
119 2 117
119 7 117
120 1 118
120 1 118
120 2 118
120 5 118
120 47 118
121 1 119
121 1 119
121 2 119
121 24 119
121 84 119
122 1 120
122 2 120
122 2 120
122 2 120
122 93 120
123 1 121
123 1 121
123 2 121
123 2 121
123 47 121
124 1 122
124 2 122
124 2 122
124 7 122
124 39 122
125 1 123
125 1 123
125 2 123
125 3 123
125 5 123
126 1 124
126 2 124
126 2 124
126 2 124
126 7 124
127 2 125
127 2 125
127 6 125
127 17 125
127 45 125
128 1 126
128 1 126
128 2 126
128 2 126
128 7 126
129 2 127
129 2 127
129 4 127
129 57 127
129 92 127
130 2 128
130 2 128
130 2 128
130 60 128
130 110 128
131 1 129
131 1 129
131 1 129
131 2 129
131 12 129
132 1 130
132 1 130
132 5 130
132 33 130
132 117 130
133 2 131
133 2 131
133 13 131
133 108 131
133 121 131
134 2 132
134 6 132
134 7 132
134 22 132
134 30 132
135 2 133
135 5 133
135 43 133
135 96 133
135 103 133
136 1 134
136 2 134
136 2 134
136 7 134
136 13 134
137 1 135
137 2 135
137 24 135
137 79 135
137 88 135
138 1 136
138 2 136
138 2 136
138 2 136
138 3 136
139 2 137
139 2 137
139 39 137
139 42 137
139 102 137
140 1 138
140 2 138
140 2 138
140 67 138
140 109 138
141 2 139
141 2 139
141 2 139
141 2 139
141 23 139
142 1 140
142 1 140
142 2 140
142 5 140
142 111 140
143 2 141
143 2 141
143 2 141
143 2 141
143 108 141
144 2 142
144 2 142
144 5 142
144 26 142
144 79 142
145 1 143
145 1 143
145 2 143
145 6 143
145 7 143
146 1 144
146 32 144
146 46 144
146 47 144
146 98 144
147 1 145
147 1 145
147 2 145
147 9 145
147 53 145
148 1 146
148 2 146
148 5 146
148 26 146
148 127 146
149 1 147
149 2 147
149 5 147
149 5 147
149 13 147
150 2 148
150 2 148
150 2 148
150 2 148
150 12 148
151 1 149
151 2 149
151 2 149
151 2 149
151 23 149
152 1 150
152 2 150
152 2 150
152 37 150
152 86 150
153 1 151
153 1 151
153 2 151
153 39 151
153 136 151
154 1 152
154 2 152
154 5 152
154 5 152
154 52 152
155 1 153
155 1 153
155 2 153
155 2 153
155 22 153
156 2 154
156 2 154
156 2 154
156 5 154
156 5 154
157 1 155
157 1 155
157 2 155
157 2 155
157 5 155
158 1 156
158 2 156
158 2 156
158 2 156
158 143 156
159 1 157
159 1 157
159 2 157
159 2 157
159 16 157
160 1 158
160 1 158
160 2 158
160 5 158
160 124 158
161 1 159
161 2 159
161 2 159
161 5 159
161 28 159
162 1 160
162 2 160
162 2 160
162 2 160
162 5 160
163 1 161
163 1 161
163 2 161
163 2 161
163 153 161
164 1 162
164 2 162
164 7 162
164 24 162
164 51 162
165 1 163
165 2 163
165 2 163
165 7 163
165 107 163
166 1 164
166 5 164
166 40 164
166 161 164
166 165 164
167 2 165
167 2 165
167 7 165
167 7 165
167 119 165
168 1 166
168 1 166
168 2 166
168 7 166
168 67 166
169 1 167
169 1 167
169 2 167
169 5 167
169 6 167
170 1 168
170 2 168
170 5 168
170 24 168
170 152 168
171 1 169
171 1 169
171 1 169
171 2 169
171 2 169
172 1 170
172 1 170
172 1 170
172 2 170
172 51 170
173 1 171
173 2 171
173 9 171
173 32 171
173 141 171
174 1 172
174 2 172
174 5 172
174 79 172
174 88 172
175 1 173
175 2 173
175 2 173
175 2 173
175 15 173
176 1 174
176 1 174
176 2 174
176 2 174
176 54 174
177 1 175
177 2 175
177 6 175
177 116 175
177 172 175
178 2 176
178 2 176
178 2 176
178 5 176
178 91 176
179 1 177
179 1 177
179 2 177
179 45 177
179 76 177
180 1 178
180 2 178
180 2 178
180 5 178
180 63 178
181 1 179
181 1 179
181 1 179
181 1 179
181 2 179
182 1 180
182 2 180
182 2 180
182 26 180
182 36 180
183 1 181
183 2 181
183 3 181
183 5 181
183 67 181
184 2 182
184 2 182
184 2 182
184 81 182
184 93 182
185 1 183
185 1 183
185 2 183
185 2 183
185 51 183
186 1 184
186 2 184
186 2 184
186 2 184
186 2 184
187 2 185
187 2 185
187 2 185
187 5 185
187 45 185
188 1 186
188 1 186
188 2 186
188 118 186
188 168 186
189 1 187
189 1 187
189 5 187
189 26 187
189 180 187
190 1 188
190 2 188
190 2 188
190 6 188
190 12 188
191 1 189
191 1 189
191 2 189
191 2 189
191 17 189
192 2 190
192 2 190
192 2 190
192 2 190
192 24 190
193 1 191
193 7 191
193 22 191
193 97 191
193 185 191
194 1 192
194 2 192
194 5 192
194 13 192
194 93 192
195 1 193
195 2 193
195 5 193
195 47 193
195 182 193
196 5 194
196 5 194
196 5 194
196 6 194
196 12 194
197 2 195
197 5 195
197 6 195
197 24 195
197 42 195
198 1 196
198 1 196
198 2 196
198 2 196
198 2 196
199 1 197
199 2 197
199 2 197
199 3 197
199 5 197
200 1 198
200 1 198
200 2 198
200 5 198
200 5 198
201 1 199
201 2 199
201 23 199
201 26 199
201 129 199
202 1 200
202 1 200
202 1 200
202 2 200
202 67 200
203 2 201
203 5 201
203 51 201
203 67 201
203 93 201
204 1 202
204 2 202
204 2 202
204 24 202
204 161 202
205 1 203
205 1 203
205 1 203
205 1 203
205 137 203
206 1 204
206 1 204
206 2 204
206 2 204
206 13 204
207 1 205
207 1 205
207 2 205
207 2 205
207 5 205
208 1 206
208 1 206
208 1 206
208 2 206
208 2 206
209 1 207
209 2 207
209 2 207
209 5 207
209 24 207
210 1 208
210 2 208
210 2 208
210 192 208
210 205 208
211 1 209
211 1 209
211 1 209
211 2 209
211 5 209
212 1 210
212 1 210
212 2 210
212 5 210
212 162 210
213 1 211
213 2 211
213 2 211
213 177 211
213 186 211
214 2 212
214 2 212
214 2 212
214 5 212
214 9 212
215 2 213
215 2 213
215 7 213
215 7 213
215 35 213
216 2 214
216 2 214
216 2 214
216 33 214
216 78 214
217 2 215
217 6 215
217 66 215
217 98 215
217 154 215
218 2 216
218 2 216
218 2 216
218 5 216
218 12 216
219 1 217
219 1 217
219 4 217
219 5 217
219 13 217
220 1 218
220 1 218
220 2 218
220 2 218
220 210 218
221 1 219
221 2 219
221 2 219
221 5 219
221 62 219
222 1 220
222 1 220
222 2 220
222 22 220
222 69 220
223 1 221
223 2 221
223 2 221
223 93 221
223 193 221
224 1 222
224 2 222
224 2 222
224 3 222
224 155 222
225 2 223
225 2 223
225 6 223
225 42 223
225 59 223
226 1 224
226 1 224
226 2 224
226 53 224
226 133 224
227 1 225
227 1 225
227 1 225
227 88 225
227 118 225
228 1 226
228 2 226
228 24 226
228 31 226
228 65 226
229 2 227
229 2 227
229 2 227
229 63 227
229 223 227
230 1 228
230 6 228
230 7 228
230 7 228
230 29 228
231 1 229
231 1 229
231 2 229
231 2 229
231 13 229
232 1 230
232 2 230
232 73 230
232 93 230
232 111 230
233 2 231
233 7 231
233 14 231
233 35 231
233 118 231
234 1 232
234 2 232
234 7 232
234 114 232
234 209 232
235 1 233
235 1 233
235 1 233
235 2 233
235 2 233
236 1 234
236 1 234
236 2 234
236 2 234
236 13 234
237 1 235
237 2 235
237 2 235
237 5 235
237 14 235
238 1 236
238 1 236
238 2 236
238 2 236
238 5 236
239 2 237
239 2 237
239 2 237
239 2 237
239 2 237
240 1 238
240 1 238
240 1 238
240 12 238
240 215 238
241 2 239
241 2 239
241 2 239
241 151 239
241 193 239
242 2 240
242 2 240
242 5 240
242 167 240
242 185 240
243 2 241
243 2 241
243 2 241
243 5 241
243 41 241
244 1 242
244 1 242
244 2 242
244 2 242
244 204 242
245 1 243
245 1 243
245 2 243
245 2 243
245 242 243
246 1 244
246 1 244
246 1 244
246 2 244
246 2 244
247 1 245
247 2 245
247 2 245
247 2 245
247 63 245
248 1 246
248 2 246
248 18 246
248 67 246
248 143 246
249 1 247
249 2 247
249 40 247
249 46 247
249 166 247
250 2 248
250 5 248
250 13 248
250 95 248
250 241 248
251 1 249
251 2 249
251 2 249
251 7 249
251 173 249
252 2 250
252 2 250
252 2 250
252 15 250
252 33 250
253 1 251
253 2 251
253 62 251
253 65 251
253 197 251
254 1 252
254 3 252
254 6 252
254 7 252
254 226 252
255 1 253
255 1 253
255 1 253
255 5 253
255 32 253
256 2 254
256 2 254
256 2 254
256 6 254
256 242 254
257 1 255
257 2 255
257 2 255
257 2 255
257 69 255
258 1 256
258 2 256
258 7 256
258 213 256
258 251 256
259 1 257
259 1 257
259 1 257
259 2 257
259 2 257
260 1 258
260 1 258
260 65 258
260 67 258
260 154 258
261 2 259
261 4 259
261 7 259
261 192 259
261 213 259
262 1 260
262 1 260
262 1 260
262 1 260
262 7 260
263 1 261
263 1 261
263 2 261
263 5 261
263 23 261
264 1 262
264 24 262
264 51 262
264 61 262
264 62 262
265 1 263
265 1 263
265 2 263
265 62 263
265 109 263
266 1 264
266 5 264
266 5 264
266 51 264
266 259 264
267 1 265
267 1 265
267 1 265
267 5 265
267 100 265
268 2 266
268 2 266
268 5 266
268 9 266
268 13 266
269 1 267
269 2 267
269 2 267
269 7 267
269 12 267
270 1 268
270 2 268
270 2 268
270 37 268
270 143 268
271 2 269
271 69 269
271 122 269
271 174 269
271 223 269
272 1 270
272 1 270
272 1 270
272 2 270
272 5 270
273 1 271
273 1 271
273 1 271
273 2 271
273 5 271
274 1 272
274 2 272
274 2 272
274 2 272
274 2 272
275 1 273
275 2 273
275 2 273
275 5 273
275 24 273
276 1 274
276 2 274
276 2 274
276 3 274
276 7 274
277 2 275
277 69 275
277 133 275
277 193 275
277 274 275
278 2 276
278 2 276
278 5 276
278 5 276
278 50 276
279 1 277
279 2 277
279 2 277
279 5 277
279 179 277
280 1 278
280 1 278
280 1 278
280 5 278
280 138 278
281 2 279
281 2 279
281 5 279
281 45 279
281 242 279
282 1 280
282 2 280
282 2 280
282 2 280
282 5 280
283 1 281
283 2 281
283 2 281
283 6 281
283 72 281
284 1 282
284 1 282
284 1 282
284 2 282
284 5 282
285 1 283
285 3 283
285 5 283
285 193 283
285 242 283
286 1 284
286 2 284
286 2 284
286 2 284
286 24 284
287 1 285
287 2 285
287 5 285
287 23 285
287 26 285
288 1 286
288 1 286
288 1 286
288 7 286
288 250 286
289 2 287
289 2 287
289 2 287
289 2 287
289 2 287
290 1 288
290 2 288
290 2 288
290 13 288
290 136 288
291 1 289
291 1 289
291 5 289
291 5 289
291 290 289
292 2 290
292 5 290
292 5 290
292 26 290
292 108 290
293 1 291
293 2 291
293 7 291
293 62 291
293 275 291
294 2 292
294 2 292
294 53 292
294 55 292
294 108 292
295 1 293
295 1 293
295 2 293
295 2 293
295 201 293
296 1 294
296 1 294
296 2 294
296 9 294
296 289 294
297 1 295
297 5 295
297 13 295
297 33 295
297 155 295
298 1 296
298 2 296
298 2 296
298 51 296
298 146 296
299 1 297
299 1 297
299 2 297
299 63 297
299 83 297
300 1 298
300 2 298
300 2 298
300 81 298
300 83 298
301 1 299
301 2 299
301 2 299
301 5 299
301 88 299
302 1 300
302 1 300
302 2 300
302 39 300
302 165 300
303 1 301
303 2 301
303 2 301
303 66 301
303 133 301
304 1 302
304 1 302
304 55 302
304 164 302
304 172 302
305 1 303
305 2 303
305 2 303
305 13 303
305 69 303
306 1 304
306 1 304
306 2 304
306 6 304
306 93 304
307 5 305
307 5 305
307 7 305
307 12 305
307 137 305
308 1 306
308 1 306
308 2 306
308 24 306
308 51 306
309 2 307
309 2 307
309 2 307
309 9 307
309 39 307
310 1 308
310 2 308
310 5 308
310 5 308
310 9 308
311 1 309
311 1 309
311 2 309
311 6 309
311 275 309
312 2 310
312 2 310
312 2 310
312 5 310
312 42 310
313 1 311
313 5 311
313 6 311
313 7 311
313 9 311
314 2 312
314 2 312
314 2 312
314 2 312
314 5 312
315 1 313
315 1 313
315 2 313
315 2 313
315 67 313
316 2 314
316 2 314
316 3 314
316 15 314
316 88 314
317 1 315
317 2 315
317 7 315
317 24 315
317 161 315
318 1 316
318 1 316
318 24 316
318 26 316
318 172 316
319 1 317
319 2 317
319 5 317
319 32 317
319 165 317
320 1 318
320 1 318
320 2 318
320 2 318
320 2 318
321 2 319
321 2 319
321 7 319
321 70 319
321 136 319
322 1 320
322 1 320
322 2 320
322 5 320
322 136 320
323 2 321
323 2 321
323 2 321
323 26 321
323 97 321
324 2 322
324 5 322
324 6 322
324 23 322
324 112 322
325 1 323
325 1 323
325 2 323
325 5 323
325 5 323
326 1 324
326 2 324
326 26 324
326 51 324
326 252 324
327 1 325
327 1 325
327 2 325
327 5 325
327 12 325
328 1 326
328 2 326
328 2 326
328 204 326
328 278 326
329 1 327
329 1 327
329 2 327
329 2 327
329 42 327
330 1 328
330 1 328
330 2 328
330 2 328
330 7 328
331 1 329
331 1 329
331 2 329
331 5 329
331 13 329
332 1 330
332 1 330
332 2 330
332 11 330
332 141 330
333 1 331
333 3 331
333 5 331
333 271 331
333 304 331
334 2 332
334 2 332
334 2 332
334 152 332
334 172 332
335 1 333
335 2 333
335 2 333
335 2 333
335 2 333
336 1 334
336 7 334
336 13 334
336 13 334
336 35 334
337 1 335
337 1 335
337 2 335
337 6 335
337 40 335
338 2 336
338 7 336
338 41 336
338 118 336
338 132 336
339 1 337
339 2 337
339 2 337
339 2 337
339 207 337
340 1 338
340 1 338
340 2 338
340 127 338
340 266 338
341 1 339
341 1 339
341 1 339
341 2 339
341 2 339
342 2 340
342 2 340
342 2 340
342 32 340
342 93 340
343 2 341
343 5 341
343 5 341
343 238 341
343 324 341
344 1 342
344 5 342
344 5 342
344 7 342
344 286 342
345 2 343
345 5 343
345 93 343
345 107 343
345 136 343
346 1 344
346 2 344
346 2 344
346 6 344
346 13 344
347 1 345
347 2 345
347 5 345
347 74 345
347 87 345
348 2 346
348 6 346
348 26 346
348 263 346
348 326 346
349 1 347
349 1 347
349 2 347
349 5 347
349 13 347
350 5 348
350 7 348
350 9 348
350 24 348
350 301 348
351 1 349
351 1 349
351 2 349
351 5 349
351 242 349
352 1 350
352 1 350
352 2 350
352 24 350
352 158 350
353 1 351
353 2 351
353 2 351
353 5 351
353 255 351
354 1 352
354 1 352
354 2 352
354 5 352
354 13 352
355 1 353
355 2 353
355 5 353
355 7 353
355 33 353
356 1 354
356 2 354
356 5 354
356 7 354
356 155 354
357 1 355
357 2 355
357 2 355
357 55 355
357 58 355
358 1 356
358 1 356
358 2 356
358 7 356
358 251 356
359 1 357
359 2 357
359 5 357
359 7 357
359 234 357
360 1 358
360 1 358
360 2 358
360 2 358
360 114 358
361 1 359
361 2 359
361 5 359
361 32 359
361 62 359
362 1 360
362 2 360
362 2 360
362 165 360
362 342 360
363 2 361
363 2 361
363 5 361
363 7 361
363 117 361
364 1 362
364 2 362
364 2 362
364 14 362
364 115 362
365 2 363
365 2 363
365 2 363
365 5 363
365 5 363
366 1 364
366 2 364
366 2 364
366 24 364
366 91 364
367 1 365
367 2 365
367 2 365
367 5 365
367 7 365
368 1 366
368 1 366
368 2 366
368 5 366
368 311 366
369 1 367
369 1 367
369 3 367
369 88 367
369 198 367
370 1 368
370 2 368
370 2 368
370 5 368
370 12 368
371 1 369
371 2 369
371 12 369
371 22 369
371 88 369
372 1 370
372 1 370
372 2 370
372 5 370
372 78 370
373 5 371
373 6 371
373 13 371
373 176 371
373 284 371
374 1 372
374 2 372
374 5 372
374 5 372
374 24 372
375 1 373
375 2 373
375 7 373
375 51 373
375 120 373
376 2 374
376 2 374
376 13 374
376 46 374
376 152 374
377 1 375
377 1 375
377 2 375
377 2 375
377 2 375
378 1 376
378 2 376
378 2 376
378 7 376
378 51 376
379 2 377
379 5 377
379 7 377
379 22 377
379 35 377
380 2 378
380 2 378
380 2 378
380 6 378
380 45 378
381 2 379
381 2 379
381 2 379
381 2 379
381 355 379
382 1 380
382 1 380
382 2 380
382 202 380
382 330 380
383 1 381
383 2 381
383 2 381
383 2 381
383 374 381
384 1 382
384 2 382
384 12 382
384 30 382
384 51 382
385 1 383
385 1 383
385 2 383
385 2 383
385 5 383
386 1 384
386 2 384
386 5 384
386 17 384
386 213 384
387 2 385
387 5 385
387 9 385
387 14 385
387 24 385
388 1 386
388 1 386
388 1 386
388 2 386
388 7 386
389 1 387
389 2 387
389 5 387
389 23 387
389 204 387
390 1 388
390 3 388
390 5 388
390 5 388
390 108 388
391 1 389
391 1 389
391 7 389
391 61 389
391 372 389
392 1 390
392 1 390
392 23 390
392 24 390
392 216 390
393 2 391
393 2 391
393 2 391
393 40 391
393 142 391
394 1 392
394 2 392
394 6 392
394 8 392
394 67 392
395 1 393
395 1 393
395 7 393
395 51 393
395 357 393
396 1 394
396 1 394
396 2 394
396 42 394
396 69 394
397 2 395
397 2 395
397 5 395
397 54 395
397 359 395
398 2 396
398 5 396
398 93 396
398 98 396
398 155 396
399 1 397
399 1 397
399 2 397
399 5 397
399 7 397
400 2 398
400 2 398
400 5 398
400 13 398
400 277 398
401 1 399
401 1 399
401 5 399
401 5 399
401 45 399
402 2 400
402 5 400
402 7 400
402 26 400
402 118 400
403 2 401
403 2 401
403 2 401
403 76 401
403 78 401
404 1 402
404 1 402
404 2 402
404 22 402
404 360 402
405 2 403
405 2 403
405 13 403
405 69 403
405 158 403
406 1 404
406 1 404
406 1 404
406 1 404
406 2 404
407 2 405
407 7 405
407 15 405
407 65 405
407 333 405
408 2 406
408 2 406
408 7 406
408 319 406
408 396 406
409 1 407
409 1 407
409 5 407
409 33 407
409 222 407
410 2 408
410 2 408
410 7 408
410 185 408
410 193 408
411 2 409
411 5 409
411 19 409
411 32 409
411 60 409
412 1 410
412 2 410
412 2 410
412 5 410
412 6 410
413 2 411
413 2 411
413 2 411
413 2 411
413 5 411
414 1 412
414 1 412
414 2 412
414 7 412
414 107 412
415 1 413
415 2 413
415 2 413
415 2 413
415 17 413
416 1 414
416 1 414
416 2 414
416 6 414
416 7 414
417 1 415
417 1 415
417 2 415
417 5 415
417 188 415
418 1 416
418 1 416
418 2 416
418 6 416
418 96 416
419 1 417
419 1 417
419 2 417
419 2 417
419 2 417
420 2 418
420 2 418
420 5 418
420 53 418
420 395 418
421 2 419
421 2 419
421 2 419
421 5 419
421 6 419
422 2 420
422 2 420
422 2 420
422 2 420
422 118 420
423 2 421
423 2 421
423 5 421
423 7 421
423 122 421
424 1 422
424 1 422
424 2 422
424 5 422
424 93 422
425 2 423
425 2 423
425 2 423
425 29 423
425 50 423
426 1 424
426 3 424
426 5 424
426 13 424
426 88 424
427 1 425
427 1 425
427 2 425
427 2 425
427 303 425
428 1 426
428 1 426
428 23 426
428 193 426
428 344 426
429 1 427
429 1 427
429 7 427
429 43 427
429 175 427
430 1 428
430 1 428
430 1 428
430 135 428
430 321 428
431 1 429
431 1 429
431 2 429
431 2 429
431 2 429
432 2 430
432 2 430
432 2 430
432 46 430
432 67 430
433 2 431
433 5 431
433 26 431
433 329 431
433 388 431
434 1 432
434 2 432
434 53 432
434 89 432
434 431 432
435 5 433
435 9 433
435 24 433
435 115 433
435 358 433
436 1 434
436 1 434
436 1 434
436 18 434
436 93 434
437 1 435
437 1 435
437 2 435
437 62 435
437 76 435
438 2 436
438 6 436
438 13 436
438 88 436
438 427 436
439 1 437
439 2 437
439 2 437
439 2 437
439 45 437
440 2 438
440 3 438
440 6 438
440 39 438
440 63 438
441 9 439
441 17 439
441 193 439
441 247 439
441 355 439
442 1 440
442 1 440
442 3 440
442 7 440
442 125 440
443 1 441
443 4 441
443 12 441
443 13 441
443 426 441
444 2 442
444 2 442
444 2 442
444 2 442
444 44 442
445 1 443
445 3 443
445 5 443
445 5 443
445 5 443
446 1 444
446 1 444
446 4 444
446 7 444
446 93 444
447 2 445
447 5 445
447 125 445
447 287 445
447 380 445
448 1 446
448 1 446
448 2 446
448 5 446
448 291 446
449 2 447
449 7 447
449 42 447
449 93 447
449 223 447
450 2 448
450 2 448
450 5 448
450 12 448
450 269 448
451 1 449
451 1 449
451 26 449
451 81 449
451 155 449
452 1 450
452 2 450
452 2 450
452 2 450
452 83 450
453 1 451
453 7 451
453 311 451
453 335 451
453 387 451
454 1 452
454 1 452
454 2 452
454 2 452
454 2 452
455 1 453
455 1 453
455 2 453
455 87 453
455 337 453
456 1 454
456 1 454
456 5 454
456 7 454
456 226 454
457 1 455
457 2 455
457 2 455
457 2 455
457 447 455
458 1 456
458 2 456
458 2 456
458 9 456
458 42 456
459 1 457
459 2 457
459 5 457
459 33 457
459 193 457
460 2 458
460 7 458
460 67 458
460 87 458
460 264 458
461 1 459
461 2 459
461 2 459
461 2 459
461 299 459
462 2 460
462 2 460
462 2 460
462 61 460
462 185 460
463 1 461
463 1 461
463 7 461
463 54 461
463 166 461
464 2 462
464 12 462
464 83 462
464 253 462
464 403 462
465 1 463
465 2 463
465 2 463
465 2 463
465 9 463
466 2 464
466 2 464
466 2 464
466 5 464
466 89 464
467 2 465
467 5 465
467 69 465
467 115 465
467 247 465
468 1 466
468 1 466
468 2 466
468 5 466
468 427 466
469 1 467
469 1 467
469 5 467
469 234 467
469 246 467
470 1 468
470 2 468
470 69 468
470 172 468
470 236 468
471 2 469
471 2 469
471 3 469
471 5 469
471 24 469
472 1 470
472 2 470
472 2 470
472 7 470
472 119 470
473 1 471
473 2 471
473 2 471
473 2 471
473 5 471
474 1 472
474 2 472
474 2 472
474 23 472
474 141 472
475 1 473
475 1 473
475 213 473
475 293 473
475 353 473
476 1 474
476 3 474
476 5 474
476 57 474
476 194 474
477 1 475
477 2 475
477 5 475
477 84 475
477 93 475
478 1 476
478 1 476
478 1 476
478 2 476
478 5 476
479 1 477
479 1 477
479 2 477
479 5 477
479 64 477
480 1 478
480 1 478
480 2 478
480 2 478
480 92 478
481 1 479
481 1 479
481 5 479
481 95 479
481 449 479
482 1 480
482 2 480
482 7 480
482 32 480
482 384 480
483 1 481
483 2 481
483 2 481
483 2 481
483 5 481
484 1 482
484 2 482
484 2 482
484 2 482
484 5 482
485 1 483
485 1 483
485 2 483
485 5 483
485 67 483
486 2 484
486 5 484
486 7 484
486 7 484
486 240 484
487 1 485
487 2 485
487 42 485
487 422 485
487 440 485
488 1 486
488 1 486
488 2 486
488 88 486
488 456 486
489 2 487
489 9 487
489 15 487
489 26 487
489 203 487
490 1 488
490 1 488
490 5 488
490 98 488
490 184 488
491 1 489
491 1 489
491 2 489
491 7 489
491 336 489
492 1 490
492 1 490
492 2 490
492 2 490
492 53 490
493 1 491
493 2 491
493 2 491
493 139 491
493 197 491
494 2 492
494 2 492
494 5 492
494 6 492
494 477 492
495 1 493
495 1 493
495 2 493
495 6 493
495 22 493
496 1 494
496 2 494
496 5 494
496 7 494
496 26 494
497 1 495
497 1 495
497 2 495
497 5 495
497 215 495
498 1 496
498 2 496
498 9 496
498 51 496
498 417 496
499 2 497
499 2 497
499 5 497
499 55 497
499 326 497
500 2 498
500 2 498
500 2 498
500 2 498
500 351 498
501 1 499
501 42 499
501 51 499
501 95 499
501 485 499
502 1 500
502 2 500
502 7 500
502 23 500
502 500 500
503 1 501
503 2 501
503 2 501
503 157 501
503 165 501
504 1 502
504 1 502
504 1 502
504 3 502
504 4 502
505 1 503
505 6 503
505 133 503
505 293 503
505 404 503
506 2 504
506 62 504
506 69 504
506 108 504
506 234 504
507 1 505
507 2 505
507 2 505
507 7 505
507 107 505
508 2 506
508 3 506
508 51 506
508 55 506
508 69 506
509 1 507
509 2 507
509 24 507
509 214 507
509 439 507
510 2 508
510 2 508
510 12 508
510 26 508
510 77 508
511 1 509
511 5 509
511 78 509
511 188 509
511 306 509
512 1 510
512 3 510
512 5 510
512 5 510
512 5 510
513 1 511
513 2 511
513 12 511
513 51 511
513 55 511
514 1 512
514 1 512
514 1 512
514 2 512
514 117 512
515 1 513
515 2 513
515 5 513
515 351 513
515 387 513
516 1 514
516 2 514
516 2 514
516 2 514
516 2 514
517 1 515
517 2 515
517 5 515
517 13 515
517 26 515
518 1 516
518 1 516
518 2 516
518 51 516
518 257 516
519 1 517
519 2 517
519 3 517
519 5 517
519 466 517
520 1 518
520 2 518
520 2 518
520 5 518
520 65 518
521 2 519
521 2 519
521 9 519
521 181 519
521 344 519
522 1 520
522 2 520
522 3 520
522 5 520
522 172 520
523 1 521
523 1 521
523 1 521
523 2 521
523 18 521
524 2 522
524 7 522
524 23 522
524 26 522
524 146 522
525 1 523
525 2 523
525 2 523
525 5 523
525 33 523
526 1 524
526 1 524
526 1 524
526 1 524
526 2 524
527 2 525
527 24 525
527 51 525
527 339 525
527 456 525
528 1 526
528 2 526
528 2 526
528 82 526
528 110 526
529 1 527
529 1 527
529 2 527
529 4 527
529 5 527
530 1 528
530 1 528
530 1 528
530 7 528
530 66 528
531 1 529
531 2 529
531 2 529
531 5 529
531 6 529
532 1 530
532 1 530
532 2 530
532 79 530
532 165 530
533 1 531
533 2 531
533 2 531
533 5 531
533 152 531
534 1 532
534 2 532
534 3 532
534 37 532
534 423 532
535 1 533
535 1 533
535 2 533
535 67 533
535 332 533
536 1 534
536 2 534
536 2 534
536 2 534
536 5 534
537 1 535
537 2 535
537 41 535
537 82 535
537 168 535
538 1 536
538 1 536
538 1 536
538 88 536
538 122 536
539 1 537
539 2 537
539 7 537
539 47 537
539 69 537
540 1 538
540 7 538
540 7 538
540 12 538
540 43 538
541 1 539
541 1 539
541 5 539
541 7 539
541 18 539
542 1 540
542 2 540
542 2 540
542 5 540
542 143 540
543 2 541
543 5 541
543 69 541
543 159 541
543 261 541
544 2 542
544 2 542
544 9 542
544 41 542
544 479 542
545 1 543
545 2 543
545 161 543
545 366 543
545 525 543
546 1 544
546 2 544
546 2 544
546 417 544
546 435 544
547 2 545
547 2 545
547 2 545
547 33 545
547 69 545
548 1 546
548 2 546
548 5 546
548 5 546
548 163 546
549 1 547
549 1 547
549 2 547
549 223 547
549 533 547
550 2 548
550 2 548
550 32 548
550 46 548
550 476 548
551 1 549
551 2 549
551 7 549
551 51 549
551 143 549
552 1 550
552 1 550
552 5 550
552 409 550
552 470 550
553 1 551
553 2 551
553 2 551
553 4 551
553 369 551
554 1 552
554 2 552
554 2 552
554 2 552
554 166 552
555 1 553
555 2 553
555 3 553
555 7 553
555 96 553
556 1 554
556 1 554
556 2 554
556 2 554
556 334 554
557 1 555
557 1 555
557 22 555
557 42 555
557 94 555
558 1 556
558 2 556
558 2 556
558 15 556
558 98 556
559 1 557
559 2 557
559 2 557
559 7 557
559 23 557
560 1 558
560 1 558
560 2 558
560 7 558
560 331 558
561 2 559
561 5 559
561 7 559
561 199 559
561 560 559
562 2 560
562 2 560
562 2 560
562 13 560
562 393 560
563 1 561
563 1 561
563 6 561
563 24 561
563 51 561
564 1 562
564 2 562
564 2 562
564 5 562
564 510 562
565 2 563
565 4 563
565 5 563
565 311 563
565 483 563
566 1 564
566 2 564
566 6 564
566 29 564
566 281 564
567 1 565
567 1 565
567 1 565
567 57 565
567 145 565
568 1 566
568 2 566
568 2 566
568 39 566
568 339 566
569 1 567
569 1 567
569 1 567
569 7 567
569 316 567
570 1 568
570 1 568
570 2 568
570 24 568
570 400 568
571 2 569
571 2 569
571 165 569
571 266 569
571 527 569
572 1 570
572 2 570
572 2 570
572 29 570
572 491 570
573 1 571
573 1 571
573 1 571
573 2 571
573 406 571
574 1 572
574 2 572
574 2 572
574 181 572
574 347 572
575 1 573
575 3 573
575 5 573
575 7 573
575 322 573
576 1 574
576 2 574
576 43 574
576 196 574
576 280 574
577 1 575
577 1 575
577 2 575
577 2 575
577 24 575
578 2 576
578 2 576
578 2 576
578 6 576
578 411 576
579 1 577
579 1 577
579 2 577
579 2 577
579 265 577
580 1 578
580 2 578
580 2 578
580 270 578
580 563 578
581 1 579
581 1 579
581 2 579
581 5 579
581 293 579
582 1 580
582 2 580
582 40 580
582 88 580
582 343 580
583 1 581
583 2 581
583 2 581
583 2 581
583 51 581
584 2 582
584 9 582
584 24 582
584 37 582
584 465 582
585 1 583
585 1 583
585 5 583
585 5 583
585 55 583
586 1 584
586 1 584
586 2 584
586 2 584
586 550 584
587 1 585
587 1 585
587 1 585
587 1 585
587 6 585
588 1 586
588 2 586
588 5 586
588 7 586
588 106 586
589 1 587
589 1 587
589 5 587
589 219 587
589 253 587
590 1 588
590 13 588
590 23 588
590 222 588
590 442 588
591 1 589
591 5 589
591 7 589
591 7 589
591 35 589
592 1 590
592 1 590
592 2 590
592 2 590
592 24 590
593 1 591
593 1 591
593 2 591
593 51 591
593 96 591
594 1 592
594 1 592
594 2 592
594 2 592
594 5 592
595 1 593
595 1 593
595 2 593
595 2 593
595 2 593
596 2 594
596 2 594
596 5 594
596 24 594
596 76 594
597 1 595
597 5 595
597 5 595
597 121 595
597 220 595
598 2 596
598 26 596
598 42 596
598 143 596
598 580 596
599 1 597
599 2 597
599 12 597
599 41 597
599 296 597
600 1 598
600 2 598
600 67 598
600 301 598
600 583 598
601 1 599
601 2 599
601 5 599
601 7 599
601 24 599
602 1 600
602 1 600
602 2 600
602 2 600
602 87 600
603 2 601
603 2 601
603 2 601
603 2 601
603 83 601
604 1 602
604 2 602
604 2 602
604 81 602
604 287 602
605 2 603
605 7 603
605 7 603
605 47 603
605 51 603
606 1 604
606 2 604
606 2 604
606 2 604
606 520 604
607 1 605
607 2 605
607 5 605
607 13 605
607 122 605
608 2 606
608 2 606
608 7 606
608 7 606
608 562 606
609 1 607
609 1 607
609 6 607
609 20 607
609 362 607
610 2 608
610 2 608
610 2 608
610 155 608
610 251 608
611 1 609
611 1 609
611 148 609
611 439 609
611 454 609
612 1 610
612 1 610
612 2 610
612 2 610
612 7 610
613 2 611
613 5 611
613 17 611
613 193 611
613 269 611
614 1 612
614 2 612
614 5 612
614 51 612
614 165 612
615 1 613
615 2 613
615 2 613
615 2 613
615 5 613
616 1 614
616 1 614
616 2 614
616 5 614
616 524 614
617 1 615
617 1 615
617 1 615
617 5 615
617 7 615
618 2 616
618 2 616
618 7 616
618 32 616
618 375 616
619 1 617
619 2 617
619 2 617
619 2 617
619 2 617
620 1 618
620 5 618
620 5 618
620 13 618
620 618 618
621 1 619
621 2 619
621 5 619
621 107 619
621 332 619
622 2 620
622 2 620
622 42 620
622 156 620
622 417 620
623 2 621
623 2 621
623 7 621
623 155 621
623 319 621
624 1 622
624 1 622
624 2 622
624 12 622
624 185 622
625 2 623
625 2 623
625 5 623
625 35 623
625 46 623
626 1 624
626 1 624
626 1 624
626 51 624
626 67 624
627 2 625
627 2 625
627 2 625
627 494 625
627 500 625
628 1 626
628 2 626
628 2 626
628 2 626
628 5 626
629 2 627
629 9 627
629 55 627
629 133 627
629 175 627
630 2 628
630 61 628
630 193 628
630 219 628
630 432 628
631 1 629
631 2 629
631 5 629
631 24 629
631 40 629
632 1 630
632 1 630
632 5 630
632 7 630
632 12 630
633 2 631
633 5 631
633 7 631
633 50 631
633 143 631
634 2 632
634 5 632
634 24 632
634 62 632
634 436 632
635 1 633
635 1 633
635 2 633
635 2 633
635 93 633
636 1 634
636 2 634
636 2 634
636 5 634
636 5 634
637 2 635
637 2 635
637 5 635
637 141 635
637 472 635
638 1 636
638 5 636
638 167 636
638 344 636
638 566 636
639 1 637
639 5 637
639 53 637
639 346 637
639 549 637
640 1 638
640 6 638
640 24 638
640 51 638
640 238 638
641 1 639
641 1 639
641 2 639
641 5 639
641 252 639
642 7 640
642 55 640
642 62 640
642 127 640
642 527 640
643 1 641
643 1 641
643 1 641
643 1 641
643 152 641
644 1 642
644 1 642
644 1 642
644 2 642
644 213 642
645 2 643
645 7 643
645 141 643
645 246 643
645 597 643
646 2 644
646 2 644
646 3 644
646 283 644
646 297 644
647 1 645
647 2 645
647 5 645
647 5 645
647 637 645
648 1 646
648 1 646
648 2 646
648 5 646
648 67 646
649 1 647
649 2 647
649 5 647
649 5 647
649 329 647
650 1 648
650 1 648
650 2 648
650 2 648
650 7 648
651 1 649
651 2 649
651 5 649
651 23 649
651 134 649
652 1 650
652 2 650
652 2 650
652 46 650
652 169 650
653 1 651
653 2 651
653 2 651
653 5 651
653 33 651
654 1 652
654 1 652
654 2 652
654 43 652
654 69 652
655 1 653
655 1 653
655 2 653
655 2 653
655 24 653
656 2 654
656 2 654
656 2 654
656 22 654
656 181 654
657 1 655
657 2 655
657 7 655
657 51 655
657 273 655
658 5 656
658 67 656
658 67 656
658 228 656
658 381 656
659 2 657
659 2 657
659 2 657
659 5 657
659 5 657
660 1 658
660 2 658
660 5 658
660 148 658
660 569 658
661 1 659
661 2 659
661 2 659
661 5 659
661 143 659
662 5 660
662 7 660
662 145 660
662 570 660
662 624 660
663 2 661
663 5 661
663 260 661
663 373 661
663 462 661
664 5 662
664 62 662
664 125 662
664 165 662
664 539 662
665 2 663
665 2 663
665 5 663
665 24 663
665 165 663
666 2 664
666 3 664
666 7 664
666 223 664
666 441 664
667 1 665
667 5 665
667 219 665
667 538 665
667 630 665
668 1 666
668 1 666
668 2 666
668 9 666
668 211 666
669 1 667
669 1 667
669 1 667
669 2 667
669 88 667
670 1 668
670 2 668
670 26 668
670 150 668
670 500 668
671 1 669
671 2 669
671 2 669
671 114 669
671 427 669
672 1 670
672 2 670
672 2 670
672 13 670
672 45 670
673 1 671
673 1 671
673 2 671
673 106 671
673 155 671
674 1 672
674 2 672
674 3 672
674 311 672
674 485 672
675 2 673
675 7 673
675 51 673
675 96 673
675 99 673
676 5 674
676 6 674
676 7 674
676 39 674
676 193 674
677 1 675
677 1 675
677 2 675
677 5 675
677 5 675
678 2 676
678 2 676
678 5 676
678 12 676
678 165 676
679 2 677
679 67 677
679 88 677
679 585 677
679 629 677
680 2 678
680 7 678
680 13 678
680 51 678
680 76 678
681 1 679
681 2 679
681 4 679
681 7 679
681 23 679
682 1 680
682 2 680
682 5 680
682 42 680
682 88 680
683 1 681
683 1 681
683 2 681
683 13 681
683 411 681
684 1 682
684 2 682
684 2 682
684 102 682
684 575 682
685 1 683
685 1 683
685 2 683
685 5 683
685 67 683
686 5 684
686 5 684
686 7 684
686 26 684
686 54 684
687 1 685
687 2 685
687 2 685
687 62 685
687 88 685
688 2 686
688 24 686
688 88 686
688 475 686
688 610 686
689 1 687
689 1 687
689 2 687
689 2 687
689 88 687
690 1 688
690 1 688
690 2 688
690 2 688
690 76 688
691 1 689
691 1 689
691 1 689
691 2 689
691 39 689
692 1 690
692 2 690
692 5 690
692 32 690
692 664 690
693 1 691
693 1 691
693 1 691
693 177 691
693 213 691
694 2 692
694 5 692
694 51 692
694 236 692
694 574 692
695 2 693
695 2 693
695 24 693
695 226 693
695 329 693
696 2 694
696 2 694
696 13 694
696 57 694
696 377 694
697 1 695
697 1 695
697 2 695
697 2 695
697 510 695
698 2 696
698 2 696
698 51 696
698 98 696
698 333 696
699 1 697
699 2 697
699 5 697
699 5 697
699 7 697
700 1 698
700 1 698
700 2 698
700 5 698
700 624 698
701 1 699
701 2 699
701 7 699
701 7 699
701 384 699
702 1 700
702 1 700
702 2 700
702 5 700
702 193 700
703 1 701
703 2 701
703 2 701
703 2 701
703 331 701
704 2 702
704 2 702
704 5 702
704 7 702
704 378 702
705 5 703
705 51 703
705 318 703
705 354 703
705 690 703
706 2 704
706 2 704
706 35 704
706 125 704
706 497 704
707 1 705
707 1 705
707 2 705
707 2 705
707 2 705
708 2 706
708 2 706
708 13 706
708 23 706
708 229 706
709 1 707
709 26 707
709 32 707
709 48 707
709 61 707
710 1 708
710 1 708
710 2 708
710 185 708
710 292 708
711 1 709
711 2 709
711 67 709
711 334 709
711 488 709
712 1 710
712 1 710
712 1 710
712 2 710
712 62 710
713 2 711
713 2 711
713 5 711
713 67 711
713 226 711
714 2 712
714 3 712
714 3 712
714 7 712
714 243 712
715 2 713
715 2 713
715 2 713
715 67 713
715 491 713
716 1 714
716 2 714
716 2 714
716 2 714
716 2 714
717 1 715
717 2 715
717 7 715
717 23 715
717 631 715
718 1 716
718 2 716
718 2 716
718 5 716
718 7 716
719 1 717
719 2 717
719 5 717
719 5 717
719 88 717
720 1 718
720 1 718
720 2 718
720 2 718
720 26 718
721 1 719
721 1 719
721 1 719
721 1 719
721 165 719
722 1 720
722 2 720
722 2 720
722 4 720
722 155 720
723 1 721
723 2 721
723 12 721
723 24 721
723 451 721
724 1 722
724 2 722
724 2 722
724 2 722
724 5 722
725 1 723
725 2 723
725 2 723
725 2 723
725 673 723
726 1 724
726 1 724
726 2 724
726 5 724
726 379 724
727 1 725
727 1 725
727 7 725
727 47 725
727 600 725
728 1 726
728 1 726
728 7 726
728 37 726
728 62 726
729 1 727
729 2 727
729 5 727
729 88 727
729 488 727
730 1 728
730 1 728
730 2 728
730 150 728
730 295 728
731 1 729
731 2 729
731 6 729
731 51 729
731 476 729
732 1 730
732 1 730
732 3 730
732 5 730
732 413 730
733 1 731
733 1 731
733 1 731
733 2 731
733 2 731
734 2 732
734 2 732
734 2 732
734 2 732
734 26 732
735 1 733
735 1 733
735 2 733
735 67 733
735 76 733
736 1 734
736 2 734
736 5 734
736 40 734
736 109 734
737 1 735
737 2 735
737 26 735
737 539 735
737 689 735
738 1 736
738 1 736
738 45 736
738 51 736
738 605 736
739 1 737
739 1 737
739 1 737
739 2 737
739 266 737
740 1 738
740 1 738
740 7 738
740 7 738
740 13 738
741 1 739
741 2 739
741 15 739
741 149 739
741 195 739
742 1 740
742 1 740
742 1 740
742 88 740
742 168 740
743 1 741
743 2 741
743 2 741
743 2 741
743 5 741
744 2 742
744 2 742
744 2 742
744 183 742
744 376 742
745 2 743
745 7 743
745 7 743
745 42 743
745 46 743
746 2 744
746 3 744
746 5 744
746 5 744
746 7 744
747 1 745
747 2 745
747 4 745
747 20 745
747 158 745
748 2 746
748 2 746
748 5 746
748 33 746
748 455 746
749 1 747
749 2 747
749 2 747
749 2 747
749 212 747
750 1 748
750 1 748
750 2 748
750 2 748
750 5 748
751 1 749
751 2 749
751 2 749
751 484 749
751 666 749
752 1 750
752 1 750
752 2 750
752 5 750
752 111 750
753 1 751
753 2 751
753 2 751
753 7 751
753 33 751
754 2 752
754 7 752
754 88 752
754 179 752
754 231 752
755 1 753
755 1 753
755 2 753
755 13 753
755 93 753
756 1 754
756 5 754
756 41 754
756 88 754
756 724 754
757 2 755
757 5 755
757 5 755
757 35 755
757 236 755
758 1 756
758 1 756
758 2 756
758 242 756
758 351 756
759 1 757
759 2 757
759 2 757
759 2 757
759 214 757
760 3 758
760 4 758
760 6 758
760 23 758
760 63 758
761 1 759
761 1 759
761 2 759
761 181 759
761 563 759
762 2 760
762 2 760
762 2 760
762 6 760
762 93 760
763 2 761
763 2 761
763 2 761
763 288 761
763 488 761
764 1 762
764 1 762
764 2 762
764 2 762
764 576 762
765 13 763
765 46 763
765 137 763
765 351 763
765 401 763
766 1 764
766 2 764
766 2 764
766 5 764
766 760 764
767 2 765
767 2 765
767 4 765
767 5 765
767 495 765
768 2 766
768 16 766
768 31 766
768 252 766
768 634 766
769 1 767
769 2 767
769 5 767
769 7 767
769 102 767
770 1 768
770 2 768
770 5 768
770 5 768
770 6 768
771 2 769
771 2 769
771 2 769
771 5 769
771 12 769
772 2 770
772 67 770
772 206 770
772 227 770
772 442 770
773 2 771
773 2 771
773 7 771
773 210 771
773 334 771
774 1 772
774 2 772
774 2 772
774 7 772
774 586 772
775 1 773
775 1 773
775 2 773
775 35 773
775 404 773
776 1 774
776 5 774
776 5 774
776 7 774
776 62 774
777 2 775
777 2 775
777 5 775
777 251 775
777 514 775
778 1 776
778 2 776
778 2 776
778 5 776
778 254 776
779 1 777
779 1 777
779 2 777
779 51 777
779 446 777
780 1 778
780 23 778
780 219 778
780 226 778
780 778 778
781 1 779
781 2 779
781 2 779
781 26 779
781 51 779
782 1 780
782 1 780
782 2 780
782 6 780
782 12 780
783 2 781
783 2 781
783 6 781
783 7 781
783 7 781
784 1 782
784 2 782
784 2 782
784 7 782
784 33 782
785 2 783
785 24 783
785 33 783
785 97 783
785 391 783
786 2 784
786 2 784
786 2 784
786 584 784
786 663 784
787 1 785
787 1 785
787 2 785
787 13 785
787 42 785
788 1 786
788 1 786
788 2 786
788 46 786
788 331 786
789 1 787
789 1 787
789 1 787
789 2 787
789 67 787
790 1 788
790 2 788
790 2 788
790 5 788
790 7 788
791 2 789
791 2 789
791 2 789
791 5 789
791 239 789
792 1 790
792 2 790
792 7 790
792 122 790
792 607 790
793 1 791
793 2 791
793 2 791
793 2 791
793 2 791
794 2 792
794 2 792
794 2 792
794 2 792
794 31 792
795 1 793
795 1 793
795 24 793
795 42 793
795 747 793
796 1 794
796 1 794
796 2 794
796 7 794
796 172 794
797 1 795
797 1 795
797 2 795
797 26 795
797 236 795
798 2 796
798 2 796
798 96 796
798 242 796
798 553 796
799 2 797
799 2 797
799 7 797
799 186 797
799 504 797
800 2 798
800 2 798
800 6 798
800 62 798
800 115 798
801 2 799
801 7 799
801 39 799
801 143 799
801 708 799
802 1 800
802 1 800
802 1 800
802 226 800
802 344 800
803 2 801
803 2 801
803 55 801
803 93 801
803 429 801
804 1 802
804 2 802
804 5 802
804 5 802
804 7 802
805 2 803
805 76 803
805 164 803
805 264 803
805 287 803
806 1 804
806 5 804
806 5 804
806 172 804
806 711 804
807 2 805
807 7 805
807 17 805
807 26 805
807 555 805
808 1 806
808 2 806
808 2 806
808 5 806
808 249 806
809 1 807
809 1 807
809 2 807
809 35 807
809 643 807
810 1 808
810 165 808
810 252 808
810 302 808
810 447 808
811 1 809
811 2 809
811 3 809
811 5 809
811 62 809
812 2 810
812 2 810
812 5 810
812 67 810
812 222 810
813 1 811
813 3 811
813 46 811
813 60 811
813 117 811
814 2 812
814 2 812
814 7 812
814 16 812
814 61 812
815 1 813
815 2 813
815 5 813
815 51 813
815 52 813
816 1 814
816 13 814
816 22 814
816 55 814
816 479 814
817 2 815
817 2 815
817 2 815
817 155 815
817 293 815
818 2 816
818 2 816
818 2 816
818 482 816
818 741 816
819 2 817
819 23 817
819 96 817
819 695 817
819 704 817
820 1 818
820 2 818
820 5 818
820 13 818
820 51 818
821 1 819
821 2 819
821 2 819
821 5 819
821 246 819
822 1 820
822 2 820
822 6 820
822 20 820
822 124 820
823 1 821
823 1 821
823 2 821
823 213 821
823 493 821
824 1 822
824 2 822
824 65 822
824 234 822
824 322 822
825 2 823
825 5 823
825 22 823
825 295 823
825 380 823
826 1 824
826 2 824
826 2 824
826 5 824
826 627 824
827 2 825
827 2 825
827 5 825
827 55 825
827 368 825
828 1 826
828 1 826
828 2 826
828 67 826
828 173 826
829 2 827
829 5 827
829 51 827
829 474 827
829 661 827
830 2 828
830 2 828
830 32 828
830 212 828
830 680 828
831 1 829
831 2 829
831 7 829
831 37 829
831 193 829
832 1 830
832 1 830
832 2 830
832 55 830
832 359 830
833 3 831
833 5 831
833 5 831
833 26 831
833 456 831
834 1 832
834 2 832
834 2 832
834 5 832
834 512 832
835 2 833
835 2 833
835 7 833
835 69 833
835 172 833
836 1 834
836 2 834
836 13 834
836 255 834
836 273 834
837 1 835
837 2 835
837 5 835
837 53 835
837 417 835
838 5 836
838 7 836
838 78 836
838 115 836
838 374 836
839 2 837
839 2 837
839 2 837
839 122 837
839 214 837
840 1 838
840 2 838
840 2 838
840 7 838
840 9 838
841 1 839
841 2 839
841 2 839
841 2 839
841 2 839
842 1 840
842 2 840
842 2 840
842 5 840
842 5 840
843 1 841
843 1 841
843 2 841
843 2 841
843 6 841
844 1 842
844 1 842
844 2 842
844 2 842
844 581 842
845 1 843
845 2 843
845 2 843
845 5 843
845 537 843
846 1 844
846 2 844
846 3 844
846 82 844
846 414 844
847 1 845
847 2 845
847 5 845
847 24 845
847 122 845
848 1 846
848 1 846
848 2 846
848 7 846
848 595 846
849 1 847
849 2 847
849 32 847
849 172 847
849 408 847
850 1 848
850 1 848
850 3 848
850 5 848
850 43 848
851 1 849
851 2 849
851 2 849
851 90 849
851 331 849
852 1 850
852 2 850
852 2 850
852 91 850
852 558 850
853 2 851
853 2 851
853 2 851
853 7 851
853 7 851
854 2 852
854 13 852
854 60 852
854 217 852
854 791 852
855 1 853
855 2 853
855 5 853
855 47 853
855 292 853
856 1 854
856 1 854
856 2 854
856 18 854
856 154 854
857 7 855
857 55 855
857 109 855
857 203 855
857 804 855
858 1 856
858 2 856
858 2 856
858 5 856
858 234 856
859 1 857
859 2 857
859 5 857
859 9 857
859 95 857
860 1 858
860 2 858
860 2 858
860 2 858
860 51 858
861 5 859
861 96 859
861 246 859
861 532 859
861 756 859
862 2 860
862 2 860
862 2 860
862 5 860
862 565 860
863 7 861
863 13 861
863 26 861
863 46 861
863 262 861
864 2 862
864 2 862
864 2 862
864 79 862
864 420 862
865 2 863
865 32 863
865 61 863
865 311 863
865 359 863
866 1 864
866 1 864
866 2 864
866 193 864
866 675 864
867 1 865
867 2 865
867 3 865
867 35 865
867 414 865
868 1 866
868 1 866
868 2 866
868 418 866
868 539 866
869 1 867
869 2 867
869 5 867
869 96 867
869 621 867
870 1 868
870 2 868
870 2 868
870 62 868
870 500 868
871 1 869
871 1 869
871 3 869
871 57 869
871 640 869
872 1 870
872 1 870
872 12 870
872 14 870
872 41 870
873 1 871
873 1 871
873 2 871
873 2 871
873 579 871
874 2 872
874 2 872
874 2 872
874 5 872
874 114 872
875 1 873
875 1 873
875 1 873
875 54 873
875 694 873
876 2 874
876 2 874
876 2 874
876 2 874
876 20 874
877 1 875
877 5 875
877 33 875
877 108 875
877 621 875
878 1 876
878 5 876
878 51 876
878 93 876
878 731 876
879 1 877
879 1 877
879 1 877
879 5 877
879 54 877
880 1 878
880 2 878
880 7 878
880 558 878
880 863 878
881 2 879
881 2 879
881 263 879
881 466 879
881 593 879
882 1 880
882 2 880
882 2 880
882 2 880
882 7 880
883 1 881
883 1 881
883 2 881
883 5 881
883 175 881
884 1 882
884 2 882
884 2 882
884 60 882
884 682 882
885 1 883
885 2 883
885 2 883
885 137 883
885 201 883
886 1 884
886 2 884
886 2 884
886 117 884
886 392 884
887 1 885
887 1 885
887 2 885
887 2 885
887 213 885
888 1 886
888 2 886
888 7 886
888 88 886
888 649 886
889 2 887
889 2 887
889 82 887
889 221 887
889 804 887
890 2 888
890 7 888
890 51 888
890 151 888
890 320 888
891 1 889
891 2 889
891 6 889
891 38 889
891 118 889
892 1 890
892 1 890
892 2 890
892 5 890
892 165 890
893 1 891
893 2 891
893 2 891
893 7 891
893 47 891
894 1 892
894 1 892
894 1 892
894 2 892
894 7 892
895 2 893
895 2 893
895 2 893
895 7 893
895 336 893
896 2 894
896 2 894
896 2 894
896 7 894
896 300 894
897 1 895
897 2 895
897 2 895
897 51 895
897 52 895
898 1 896
898 1 896
898 2 896
898 2 896
898 407 896
899 2 897
899 5 897
899 7 897
899 13 897
899 747 897
900 2 898
900 5 898
900 6 898
900 7 898
900 63 898
901 1 899
901 2 899
901 278 899
901 786 899
901 824 899
902 2 900
902 2 900
902 2 900
902 2 900
902 683 900
903 1 901
903 2 901
903 5 901
903 6 901
903 201 901
904 1 902
904 2 902
904 2 902
904 13 902
904 759 902
905 1 903
905 6 903
905 7 903
905 51 903
905 765 903
906 2 904
906 17 904
906 419 904
906 477 904
906 691 904
907 1 905
907 2 905
907 2 905
907 55 905
907 243 905
908 1 906
908 2 906
908 2 906
908 2 906
908 43 906
909 1 907
909 1 907
909 2 907
909 6 907
909 836 907
910 1 908
910 2 908
910 2 908
910 2 908
910 158 908
911 1 909
911 1 909
911 7 909
911 60 909
911 261 909
912 1 910
912 1 910
912 2 910
912 7 910
912 93 910
913 5 911
913 7 911
913 24 911
913 489 911
913 870 911
914 2 912
914 5 912
914 6 912
914 163 912
914 594 912
915 1 913
915 1 913
915 2 913
915 25 913
915 98 913
916 2 914
916 7 914
916 37 914
916 52 914
916 377 914
917 2 915
917 2 915
917 2 915
917 93 915
917 362 915
918 1 916
918 2 916
918 2 916
918 2 916
918 2 916
919 2 917
919 6 917
919 67 917
919 67 917
919 143 917
920 1 918
920 1 918
920 2 918
920 5 918
920 7 918
921 1 919
921 2 919
921 5 919
921 42 919
921 43 919
922 1 920
922 1 920
922 2 920
922 13 920
922 171 920
923 1 921
923 2 921
923 2 921
923 5 921
923 298 921
924 1 922
924 2 922
924 50 922
924 480 922
924 697 922
925 13 923
925 45 923
925 51 923
925 126 923
925 767 923
926 1 924
926 1 924
926 40 924
926 212 924
926 721 924
927 1 925
927 2 925
927 2 925
927 79 925
927 141 925
928 1 926
928 2 926
928 2 926
928 9 926
928 29 926
929 1 927
929 1 927
929 5 927
929 7 927
929 890 927
930 1 928
930 2 928
930 2 928
930 326 928
930 632 928
931 1 929
931 1 929
931 2 929
931 2 929
931 606 929
932 1 930
932 1 930
932 2 930
932 5 930
932 13 930
933 1 931
933 2 931
933 2 931
933 2 931
933 143 931
934 1 932
934 2 932
934 12 932
934 60 932
934 116 932
935 1 933
935 2 933
935 2 933
935 7 933
935 674 933
936 1 934
936 2 934
936 5 934
936 13 934
936 120 934
937 2 935
937 5 935
937 5 935
937 6 935
937 327 935
938 1 936
938 1 936
938 2 936
938 5 936
938 54 936
939 1 937
939 2 937
939 2 937
939 7 937
939 22 937
940 2 938
940 2 938
940 2 938
940 2 938
940 842 938
941 1 939
941 2 939
941 2 939
941 8 939
941 277 939
942 1 940
942 1 940
942 2 940
942 2 940
942 17 940
943 1 941
943 33 941
943 76 941
943 87 941
943 137 941
944 2 942
944 2 942
944 2 942
944 3 942
944 23 942
945 1 943
945 2 943
945 134 943
945 226 943
945 898 943
946 2 944
946 2 944
946 312 944
946 426 944
946 732 944
947 1 945
947 1 945
947 2 945
947 5 945
947 13 945
948 2 946
948 2 946
948 5 946
948 31 946
948 386 946
949 2 947
949 2 947
949 2 947
949 609 947
949 745 947
950 2 948
950 2 948
950 2 948
950 5 948
950 7 948
951 1 949
951 1 949
951 2 949
951 2 949
951 715 949
952 1 950
952 2 950
952 5 950
952 40 950
952 118 950
953 1 951
953 1 951
953 2 951
953 3 951
953 67 951
954 1 952
954 2 952
954 7 952
954 437 952
954 747 952
955 2 953
955 2 953
955 7 953
955 9 953
955 439 953
956 2 954
956 2 954
956 2 954
956 7 954
956 13 954
957 1 955
957 24 955
957 39 955
957 78 955
957 141 955
958 1 956
958 1 956
958 2 956
958 7 956
958 54 956
959 1 957
959 2 957
959 5 957
959 26 957
959 226 957
960 1 958
960 1 958
960 1 958
960 2 958
960 26 958
961 3 959
961 5 959
961 66 959
961 108 959
961 721 959
962 1 960
962 1 960
962 1 960
962 624 960
962 784 960
963 1 961
963 7 961
963 13 961
963 680 961
963 719 961
964 5 962
964 6 962
964 93 962
964 291 962
964 693 962
965 1 963
965 18 963
965 47 963
965 519 963
965 706 963
966 1 964
966 1 964
966 1 964
966 23 964
966 193 964
967 2 965
967 2 965
967 23 965
967 193 965
967 593 965
968 2 966
968 2 966
968 2 966
968 63 966
968 920 966
969 1 967
969 1 967
969 2 967
969 39 967
969 281 967
970 1 968
970 2 968
970 2 968
970 696 968
970 887 968
971 2 969
971 6 969
971 105 969
971 162 969
971 218 969
972 1 970
972 1 970
972 2 970
972 2 970
972 556 970
973 1 971
973 1 971
973 1 971
973 2 971
973 298 971
974 1 972
974 1 972
974 7 972
974 167 972
974 621 972
975 1 973
975 2 973
975 45 973
975 81 973
975 197 973
976 2 974
976 24 974
976 143 974
976 528 974
976 693 974
977 1 975
977 1 975
977 2 975
977 2 975
977 5 975
978 1 976
978 2 976
978 53 976
978 88 976
978 873 976
979 1 977
979 2 977
979 2 977
979 4 977
979 5 977
980 2 978
980 2 978
980 5 978
980 69 978
980 311 978
981 2 979
981 5 979
981 7 979
981 67 979
981 212 979
982 1 980
982 1 980
982 2 980
982 7 980
982 843 980
983 1 981
983 6 981
983 83 981
983 133 981
983 862 981
984 2 982
984 2 982
984 3 982
984 24 982
984 60 982
985 1 983
985 1 983
985 2 983
985 42 983
985 165 983
986 1 984
986 2 984
986 2 984
986 93 984
986 361 984
987 1 985
987 7 985
987 20 985
987 199 985
987 618 985
988 1 986
988 1 986
988 1 986
988 6 986
988 31 986
989 2 987
989 5 987
989 13 987
989 26 987
989 32 987
990 1 988
990 1 988
990 1 988
990 6 988
990 7 988
991 1 989
991 2 989
991 2 989
991 2 989
991 4 989
992 1 990
992 2 990
992 2 990
992 2 990
992 32 990
993 1 991
993 1 991
993 2 991
993 164 991
993 173 991
994 1 992
994 1 992
994 2 992
994 6 992
994 267 992
995 1 993
995 2 993
995 2 993
995 2 993
995 646 993
996 1 994
996 1 994
996 2 994
996 5 994
996 226 994
997 1 995
997 2 995
997 2 995
997 2 995
997 268 995
998 1 996
998 2 996
998 4 996
998 7 996
998 213 996
999 1 997
999 2 997
999 3 997
999 7 997
999 176 997
1000 1 998
1000 40 998
1000 76 998
1000 150 998
1000 310 998
