0.883387589241517
1.0749867217234
0.51548463915375
1.1669636228697
0.734091929067076
0.946032715815252
0.405050076699203
1.05079440063485
0.433748206682138
1.7196344698263
1.64347913430324
1.61187097942505
1.63383901535335
0.925321784981935
0.690659099096452
1.65826977507044
1.13611871129863
0.77577456468459
0.246847013450139
0.673776259023739
0.6705554638875
0.786217929172894
0.920171287800924
2.29973753500007
1.00081316875299
0.994897492614076
0.895684832408593
0.609386295185235
0.498534048599501
1.41314553926458
1.02704648987459
0.729247553940961
1.43849215641848
1.18819940172271
0.84759762481505
0.605257812956145
1.30557015537861
0.657334414434275
1.00320560043014
0.844160064263238
0.906124758955226
0.770483821337852
2.13935061596666
0.750896846712956
1.76215541450957
0.550342674800313
2.15066390695762
1.70365962481464
0.581471885463683
0.906603845566504
0.952119672161027
0.706969737189642
0.799938037188982
0.318906146182477
1.94971838335432
1.03753738324465
0.509098253368833
1.77129437862716
0.400217507589949
0.732089627461237
0.497473379721322
0.310815469821672
0.599497184948541
0.87789173129406
0.658980465561064
1.66784011765957
0.452880967744347
0.720660496035962
0.494060969669344
1.17348478544414
0.990008508688025
1.119348813493
1.34799584855469
1.82828384597737
0.732914911653536
1.35649775372602
0.937498068293466
1.18245378075738
1.02805219371656
0.829950121412221
0.844155579434409
0.47563034690601
0.661502258903529
0.859217825877987
1.99016960972305
1.67233565983089
0.757652302449475
0.70473335897517
0.346194928466466
1.87775469397391
0.662939712675178
0.532259597589919
2.42090992429405
0.897764609266151
1.34940606055885
0.641764150938818
0.872120765734751
1.64246304483687
0.777950441023951
1.09898928113887
0.470319997415067
0.73962677029144
0.56809423066531
0.653695676784286
1.35309600777155
1.60858490725346
1.78986627682139
1.80416665513021
1.51286884418636
1.24441166119462
0.538590764896828
0.826636295948703
0.897059734972228
0.877951923206117
0.714501492593432
2.24863415321544
1.72389920114642
0.50492720463742
1.11447774547561
0.790415358571179
0.681547102838929
1.43024606148732
0.599059710482866
0.417916815951421
0.925958328495791
1.61237091732412
1.13203211132116
1.51820788902912
1.11529071796778
1.16046143856228
0.857917847234238
1.05443952663197
0.951095140652143
1.65562886680681
0.75525550868775
1.11917347147178
0.591824287339029
2.1105723458721
0.601058701661879
0.588036109627348
0.70297920766262
0.83969749988072
0.873060582162249
0.720430872475018
0.873110197277543
1.05487197477968
1.45544055737697
1.18315177948179
0.602816997705095
1.09962802265703
0.739422358237795
1.00776229901204
0.880362528838305
0.692851840290643
1.04114902652278
1.23936893558606
1.0369492852018
0.318306200797599
0.897951094285663
1.26746428276411
1.3311094271509
1.76335052355302
1.20196288706449
0.542518233330659
0.649540470874843
0.479910271006936
1.53700703569757
1.08422904707079
1.17201853090652
0.473764515296519
0.660522517429067
0.682057989315449
0.928442842048369
1.62486960739131
1.14504740456598
1.57852864947445
0.889910607289397
1.38468945335613
0.456340143120807
1.29118334456908
1.21458086402965
0.776117698991533
2.35640466437087
0.6681395106842
1.20931957119296
0.882244353802008
1.17646742580558
2.22794990852114
0.747845523715089
0.753186490081503
0.836596300165512
1.47338169224792
0.573093825146566
2.59698681351489
0.648050234915066
1.09056292251014
0.895725374294221
0.906025371656138
1.3772471773285
0.858819636511333
1.33267781111081
0.484744936015653
0.369723196381568
1.46602685059694
0.529121201733024
0.550521962619336
0.459041436365623
0.471430655541679
0.300717280705329
1.11258078827773
0.89492849461499
1.24855008824354
0.897280322877522
1.24823008402516
0.821525871967484
0.817438661084558
1.49581656162626
0.570096543810446
1.28132248949941
1.69587351574681
0.81236457638918
1.43390311562791
1.41121310604726
1.29916316812223
0.6078870233773
1.03621971025033
1.01561690267507
1.0051974991508
2.15288950786008
1.44664409601392
1.54650148861064
0.553681391342422
1.22248550072793
0.828002859583243
0.704456868443779
1.58887111885643
1.51083077299252
1.21773565241818
1.19369008163441
0.987320658229928
1.27043559203427
1.31432030699738
0.64652711488077
0.583370598896615
1.31060673709652
0.802772577416636
1.58232016210494
0.467893818417872
1.52678830519485
0.977180082359849
0.73920567823083
0.703329387990456
0.830756981365607
0.652813361475354
0.79563472307874
0.610738078328809
0.902993200746076
2.16056765031555
1.23238640067777
1.04774051611404
1.35081490056519
0.733489549492506
1.11640652604072
0.782418293410757
0.927954512738416
0.936683024230185
0.808373458448585
0.765717060651619
0.660438071328654
0.704835543499483
0.803643763683898
1.0113219838532
1.17136025363837
0.837667303805766
0.908308013212686
0.460104097887427
0.628847781838114
0.739785610661535
1.39366997196836
0.389982072187048
1.51139291823267
0.876434159572879
0.743258762078307
1.04600656098141
0.849281563685371
0.912692782841477
1.08864468825247
1.33886131714444
0.852859127744759
1.25126792302779
0.863896434140693
1.35550072423798
0.5171475027965
0.646756464819438
0.489965919232752
0.708799904658643
2.03244096196121
0.489475521441149
0.901241916863695
0.669520684471727
1.02519410243186
0.584124632395091
1.5937245940893
0.499079001895379
0.428640956949303
0.616395445345827
1.06713244968194
1.11659196844059
1.21039865763329
0.926792230704562
0.705947747043941
0.574316087118993
0.829613551635031
1.02053317375939
1.05426596676991
0.840010915490588
1.04379195057023
0.605993941135971
1.04024703911498
0.719802100091182
0.50291191025452
0.445760564369163
1.42540784060357
0.846289423753682
0.735813045529127
0.501507760603705
1.0438250738341
1.54947738342097
0.883653409288907
0.599160941420541
0.404215871888894
1.31613958846086
0.581774960016481
0.421724424830262
0.692860613062327
0.456813230077267
1.15159312782346
0.209332599276282
1.23145660277381
0.908824912104316
1.07096612770396
0.944834171464971
1.06983846358413
0.255731142364465
0.456809140015243
0.963012335459094
0.523668690598835
2.04978973720136
1.2961196044195
0.848324579885306
1.12811608958092
0.731570604300612
0.592043692643953
1.00479829057041
0.7013124040135
0.659159227385709
0.714725795883973
1.63847004238395
1.53976517742077
0.393563762428861
1.08419119511006
0.359857329562932
0.550494996152202
1.87323367181202
1.3207328204149
1.0808964373131
0.993667833147166
1.38258121963998
0.939236908406232
0.540421822132097
0.55003147105425
1.41693465334269
1.00111847286226
0.792297745736072
1.06549921361924
0.675632380599623
1.21241844638518
1.01197299819841
0.888511664118002
1.04052530142434
0.566307941020147
1.43438526804369
1.20325710483936
0.953633655109527
2.76856469923841
1.12825432706818
1.1838453577402
1.06114407973951
1.04111057633154
1.26565410005072
1.47336749315143
1.26883944044313
1.49643140874328
0.934515664071145
0.614066969812667
0.872115730407889
0.847270169261324
0.580325657602036
0.550837350055157
0.458106758358549
1.17282824497903
0.43286633294807
1.24301993218564
0.579284394280867
0.995735315994634
1.24285913639936
1.10453283885177
0.785698132623062
0.801448420319343
0.188205504753704
0.658216616083975
1.09523003289378
0.635996220307272
1.18425738983356
0.634543099407185
0.783729348546712
0.457290318533743
0.29408769885274
1.13523971495083
1.64350161233186
0.572562092809058
1.81183477504331
0.362396972432391
0.572230955709485
0.447555285939223
0.945283524595663
0.727739241479587
1.13628755349435
0.245224500342652
1.13098319782748
1.22420465387114
1.9849691028003
1.11427759642
1.12628060321143
1.61558371954495
0.808378579840286
1.16027770172261
0.890760302541977
1.81380438345584
0.770949034097762
0.475135860092021
1.39134310167233
0.533546444253424
0.541899102649446
0.4536755684283
0.689326101985245
0.767071875993116
1.12884524727301
1.63671338694331
1.40273204600831
2.09877796959528
0.811716129258882
0.96814785063742
1.20676240185126
0.763753912920101
0.699750745467992
0.501052757193506
0.95211928869864
0.602335514692242
0.840045293080102
0.32014635080224
1.04713542685891
2.59651021104008
0.922502199829663
0.590833596016477
0.482132366387802
0.904858157438689
1.2877371658055
0.813123912337622
0.226508812726503
0.776346315758892
0.714847717392694
1.20533868574141
0.591905972565671
0.668691415267455
1.44558756456263
0.848869044886257
1.04417752672228
0.944764550008365
1.58465185278322
0.810346753875497
0.410712569559003
0.649857945280587
0.734618222675763
0.371207143802962
0.663703119061761
0.804734761687502
0.786096828703102
1.8621696795717
1.52686630779323
1.02566693584447
0.999279941455029
1.51166443462925
1.08648559084535
1.13235840709367
1.04131254028412
0.843287595592373
1.28323915211516
0.991234327584938
0.891067626865861
0.563678105364509
0.678413811875699
1.54861950748823
0.941683485494291
0.90162766165346
1.00470028748097
1.37516478547716
1.36457785397714
1.50098641380843
1.1026068510819
1.86836119852128
0.611428503859153
0.947934287260584
0.698974555668604
0.292415395650201
1.2645159385718
0.725349915792166
0.764343232803078
1.2047693953315
0.944175769839431
0.810519566506297
0.304312457389971
1.98708822845819
1.52968668958709
0.790451758019776
0.415289428467323
0.980742263008245
0.741623200884152
0.934477670799678
0.629623871806378
0.238428499828175
2.46263212481891
0.609225009753138
0.709257072329552
0.616006387422402
0.341070332045727
1.42378226962331
1.6296559701397
1.04191202308309
0.973935119048128
0.564616130051674
0.418588764773801
0.336876732117217
1.00819122862977
1.31330968247597
1.52297842284882
0.715406066364988
1.24443444005401
0.965610230198272
1.31804449191609
0.882887149364294
0.797281884587742
0.850110568833039
1.14834232483528
1.40251046661351
1.1190486187727
1.47822148107575
0.391659111989359
1.14444554910915
1.41845371110886
1.92329330904154
1.2759165613542
0.657762784831531
1.3351516424906
0.95499759442758
0.449332753674881
0.600322761464222
0.898654483263589
1.09792195854783
0.68912331809678
0.738762717284576
1.29231803636421
1.60363673204559
0.475250586933577
1.29874085683147
1.27703542993259
0.823269668696523
0.898068814830273
1.01446432952674
1.08645017900892
0.383244483229896
0.761039369493662
0.599600148972242
0.589666196163269
0.563774678364627
0.718603466557114
0.749253206594511
1.85633174659286
0.466504230662828
1.40320600942183
0.59977760919219
1.42014525687799
0.375639489198536
1.07677101266601
0.239962481876886
1.27247321359802
0.807103772641927
0.486499857048354
0.446604911483435
1.20391129224058
0.411930954063139
0.829862672246927
1.04450417656223
0.651893051226139
0.885615601138281
1.61840269717446
1.2142949830928
0.480775600548266
0.24649346308077
0.9492780761544
0.691060841273188
1.17064755620506
0.604022224140283
0.883828538787074
0.812469843947262
2.48309448642564
1.42545269202924
1.15130256831821
1.48361260455315
1.96522304693024
0.860641477950118
0.792512373199425
0.747798089531302
1.45167633676587
0.884479149848568
1.14460972543057
1.18779422467074
1.56795845160692
1.17589809756709
1.18464899661091
1.04282401206183
0.482237571584504
1.59518191728923
0.399534273666765
0.725495485430171
1.5479698848733
0.75851005786645
0.496251329026723
1.01283524144685
0.460623797642771
0.899246155300414
0.739330618890425
0.719539741767334
1.23774640748547
1.91218844023848
0.855343707801471
1.60751233736026
0.89108799111831
1.48833167167663
0.887239269128666
0.335159765869606
1.66828135669049
1.18742630780568
0.870376872407227
1.23256726916498
0.364107320875874
0.816380564231578
1.71143305953821
0.642894889134583
1.88554384467508
1.1359336076023
0.792900794991841
1.02414538697396
2.37124533040054
1.6565979562531
0.907116891083147
1.3838229240386
0.816732110433675
0.865197169486078
1.30426084027866
0.301363554670125
1.03651537499576
1.08535183108122
1.38086235073453
0.876752593614691
0.438971352763039
0.314719306171039
0.402229480931861
0.813802706864526
0.690798415602589
0.592138935041939
0.360925895764116
1.24802420846848
0.493390207559481
0.947836067268735
0.943543440937775
1.20944220853703
0.94896296137559
0.909073967318996
1.50756373259472
1.84434155111365
1.60719330193048
1.06393746102013
0.756520434196601
1.02193978798183
0.498882534936471
1.04180054393627
0.29522062046317
0.921226358742709
0.477600474820145
0.651724348566035
0.418926670781375
1.79961251086254
1.62733710419533
1.51958071667333
0.725534159201898
0.808259152351448
0.961551192267764
0.596454419305862
1.28308237267129
0.788822878178154
1.25411803604971
0.467701707860851
0.724600529270942
1.28699414388454
0.826476961132476
0.47128390399942
0.644881731985777
1.45156039697908
2.40196533175379
1.33365555307507
0.769339492908943
1.06335486678396
1.45233283511503
0.653909668315578
1.65722079909513
0.458743977757217
0.976940344172652
0.532839023342086
0.646754356026747
1.10125335536725
1.22179232868927
0.620189295344571
0.47638277288376
1.29550062195311
1.44076035497409
0.388888358566059
1.29958354834294
0.996130992517155
1.27990144831761
1.42868752770647
1.25306142516741
1.5312735674714
0.885742353415431
1.27927901299444
0.527896741109153
1.04318656032444
0.719818073859882
0.741236212878169
1.24284776067515
1.11443902988785
1.21634553946568
1.11921852367972
0.826949171915823
1.04826089620838
0.45257979144216
0.380341155697471
0.691938948696267
1.12436481167899
0.22700061747532
1.69591976270261
0.921387793421253
0.81661157610596
1.3870993886135
0.429962569725661
1.00553280648212
0.802199126576104
1.16415374887157
1.50777894118752
1.50410154644992
0.856186674026766
0.936003661946367
1.06061942473948
1.13213082062135
0.853452345093545
1.4870588459566
1.91027638933273
1.05775326705969
0.939596180496753
1.19919279542314
0.643010438416908
1.29837368810896
0.716991648959613
1.03356213352728
1.28546870414253
0.815902911587999
1.05641974948772
1.58788511651294
0.721802095277207
0.951365514453354
0.666745795220693
0.744944610927479
0.424325449412682
1.20455501316715
1.76457674184277
0.957185052169474
0.468430929759302
1.43319070002341
0.785424493989253
0.690860784034359
1.09178407271957
0.880023215970191
0.461582857543214
1.2896520333516
1.1347735214612
1.66843611694377
0.946439807273272
1.87703711698047
0.679532233986417
0.846334853205267
0.311776889817112
0.621798837104025
0.800456491326134
0.988134417052478
1.0218128164599
0.813626020764439
0.890536866850962
0.690960786387804
2.15355324103015
1.27382249755799
1.58578315104881
1.88066071713785
1.75971984015758
0.945268349776848
0.357748423796791
1.18197704400632
1.20228795036872
0.739459703062728
0.719187799750649
0.760467353519556
0.570048279673994
1.23023737532315
1.18832019164193
1.75205603366237
1.99938308870226
1.55925829392577
1.13060444072745
1.49695966282278
0.418915823923246
1.02418523571433
0.813222961077247
1.26077456049546
1.15456168883836
1.36519190313068
1.12574960324954
0.735458750350563
1.54384145172655
1.12575592391853
1.37757842095152
1.03101794255259
0.664701613038265
1.70888193069077
0.54270719524222
0.215493311411721
2.75198029371289
0.669681803398038
1.81342926571512
1.01860187380706
0.795987827872933
1.0465313875042
0.474223683476669
1.03050087775234
0.767704460233067
1.79547155753124
0.715736617197325
0.458471637903492
0.855024627000958
0.331187939919901
2.18146863305048
0.724316726635173
0.746555808152412
0.49721088546358
1.26998153951403
0.714466902189433
1.19193702100628
0.792560074599268
0.903952023139613
0.634372787659016
0.859691173129199
1.13570109724786
0.527927412244504
1.05934040132034
1.07541787172756
0.877978361988714
0.716381946330631
0.71719484184412
1.21576099026554
0.996435268181627
1.38635768592724
2.24371023917412
0.615642472579922
1.97028223784078
0.965946047987894
0.91952247824798
0.860999663573571
0.426633280826527
0.976316366519534
1.07814796994761
1.15930689564281
0.251841228494874
0.809073907157564
0.844958849819241
0.522635286089088
0.746786200045148
1.51120344342183
1.26526876806165
1.1551084000041
1.47340237507043
0.803871158652786
1.19739518957323
1.03488183634736
1.20925636875614
0.834241614344686
0.299568033554906
0.649733925291933
0.723785046317126
0.464834472145851
1.96853568781857
1.26337148371984
0.794320443788017
0.884823278068372
0.470204406886147
0.845809402275394
0.541901609836707
0.398261155359937
0.786826555764087
0.544062178630172
1.49042696541808
0.757836238878646
1.07914409384669
0.619004191544338
0.623704959693282
0.607561939705025
1.18819708726513
0.624228790527732
1.39282237140579
0.637744364092049
1.09723873968651
1.10147824483663
1.37790949220735
1.05536354389142
1.15696597872612
0.490739726208176
0.820551492813311
0.92718319034341
0.721090310228424
1.30881581836219
1.07464336829501
0.675965700980795
1.55598935159063
0.834011488734788
1.31300448240908
0.604532858156802
1.52401009945241
1.86052959083891
0.97765001505148
0.72888463120612
0.691732361265079
1.26767027664412
1.43776804977385
1.28987580680147
0.950026992807727
0.620541733333256
1.29135977989021
1.66397842780129
2.05037374697228
0.459831826672534
1.11096957048037
1.57899893106423
0.719595110741614
1.62438827964656
1.42174220069956
0.716184301300725
1.03261914314009
0.390502970676856
0.939375623781756
2.66285890714922
0.932705487198947
0.717252735357613
1.19379906923432
1.24911683843352
0.549980109029954
1.89580466746861
1.37417744647474
1.84360948430707
1.04580338862638
0.823158824259777
1.18439710972628
1.02705520191071
0.51210392426193
1.25560257504758
0.477129111798371
1.40043336017722
1.00742981701255
0.955402811933703
0.797444888530533
1.2009696444186
0.68643732148878
1.23594793452827
0.470525237608007
